1 8.75718779872 0.0
2 9.53843006566 1.2206789593070992
3 9.052883185676666 2.6352135952763973
4 7.97597081153 16.55209673435892
5 8.051634116632 16.666595449138086
6 8.139291989231667 16.897112527999067
7 8.413010264170001 20.04382367747818
8 8.485563494232501 20.338606064258293
9 8.600535545244446 21.2903432852586
10 8.647701073292001 21.490556118499025
11 8.724764832558183 22.143826647644985
12 8.641400027488334 23.061185823257052
13 8.611543447604616 23.200246619784096
14 8.658687979922858 23.60476108059014
15 8.641529381518668 23.666588755421362
16 8.550605905931876 25.65068757448902
17 8.452803497054118 28.252452216072456
18 8.453455146856667 28.252582158196795
19 8.417489979704737 28.694956849103853
20 8.398180360711 28.8366441756635
21 8.42914472953143 29.239336872971464
22 8.422466642642274 29.259940615130056
23 8.381452670753479 30.11110643551804
24 8.430685377906666 31.449076853922687
25 8.5122335084944 35.439135415335095
26 8.49267907043 35.68767984654449
27 8.427693372647408 38.65232476978039
28 8.431222360236072 38.66173980735151
29 8.378158871609312 40.94811567344834
30 8.413260591827001 42.02006943659798
31 8.488989906558388 47.35355350860547
32 8.516301968164063 48.09353462808446
33 8.548837075319394 49.21134568475946
34 8.390588770455588 77.30905984808415
35 8.402967294434 77.49140099658624
36 8.428397504824165 78.30623745320129
37 8.388699517967297 80.40537642697153
38 8.325085723997631 86.09505741217193
39 8.364291292905897 88.37300498290152
40 8.414703066830748 92.33750622529222
41 8.454034882005608 94.87457258860913
42 8.46028727772238 94.94188979129598
43 8.477286103800463 95.46375171028349
44 8.495056122177953 96.0611952728174
45 8.555574452120664 103.31288242574624
46 8.587502244474564 105.42300714965513
47 8.573333778147871 105.8570187867206
48 8.589378750572498 106.43780599880213
49 8.565022499562039 107.83307581644726
50 8.569644113747199 107.8854061447546
51 8.591247315411568 109.07548686624062
52 8.591656981359423 109.0759319412934
53 8.60842685281283 109.85099793137523
54 8.601961540668519 109.97063027871036
55 8.593008773948545 110.20868181357886
56 8.586864393831071 110.32496230722514
57 8.65454219543579 124.94523148473701
58 8.647901584456724 125.09101852780049
59 8.693128468298136 132.09062036509997
60 8.683871160961333 132.39399036161313
61 8.71163754107836 135.21574738679303
62 8.709346473202903 135.23559907457468
63 8.75580939575365 143.6678842642378
64 8.773249576843124 144.8942570472983
65 8.735766335102154 150.73902963877256
66 8.717948581582274 152.10098597949712
67 8.732970094633433 153.0987919474159
68 8.751316978500443 154.63237866801586
69 8.773305425136668 156.9009221254605
70 8.724962540074715 168.188798934887
71 8.715683328463804 168.61673466244375
72 8.730302828047085 169.70932123679478
73 8.73658634790781 169.91684189718646
74 8.754368660080678 171.62501169999075
75 8.761941588406936 171.943300001053
76 8.777736914117765 173.36540619262684
77 8.778282381925976 173.3671473682064
78 8.781348887112822 173.4236245132965
79 8.772374213989622 173.9199413100485
80 8.7878668499135 175.4368788829862
81 8.772255140401976 177.01621995367827
82 8.783121713087317 177.80052326726954
83 8.785905752991807 177.85327574422928
84 8.767693875022976 180.16569640831418
85 8.772976895334118 180.36497597607482
86 8.787374829504651 181.88034269232543
87 8.791939559182874 182.03624330846313
88 8.812407012670569 185.24346919824947
89 8.806690866126406 185.4993745611035
90 8.802952335822557 185.61132719785422
91 8.813949717678792 186.60184551685057
92 8.825197726093805 187.6610516451934
93 8.81945033171344 187.94367807594372
94 8.832977569936702 189.54334320860465
95 8.833142038182315 189.54358476335273
96 8.814137369851666 192.83752281877747
97 8.77841488175134 204.7205302241755
98 8.789171370278877 205.82039386815705
99 8.782211765397172 206.29032091141906
100 8.7944764811762 207.77951111750846
101 8.779559464379208 210.02693675773807
102 8.775311812670589 210.21281105671687
103 8.760653730803593 212.47012353510635
104 8.756529885315578 212.65229289554222
105 8.749102964101905 213.2546309087001
106 8.75352129634434 213.47190698232464
107 8.739254397698785 215.78050753267362
108 8.74176547429463 215.85337395619842
109 8.728754320538256 217.8462572732297
110 8.708393968536454 222.81663903754088
111 8.71815012745036 223.9788190322997
112 8.727168732103749 224.98997861034366
113 8.718728991113185 225.89145571975737
114 8.719353788709386 225.89648449232791
115 8.748886607992782 237.3308615006937
116 8.753769448193621 237.64891549390882
117 8.759489050206325 238.0929078278864
118 8.742973998506187 241.85845198016608
119 8.726354439435294 245.73698920135425
120 8.728815357223333 245.82347054296773
121 8.708723418668098 251.6849911890218
122 8.688316265689425 257.8326540289848
123 8.697354992653738 259.05862299752675
124 8.707075804474192 260.4998482682339
125 8.695047207276158 262.7424991017983
126 8.693250040684045 262.7933685740152
127 8.693494624492045 262.7943258334838
128 8.697222462155857 263.0202317859014
129 8.689125308963254 264.10282273468334
130 8.699114645815383 265.776248221682
131 8.706052202406259 266.5958968671026
132 8.682200870576136 276.43307409908425
133 8.664991218350226 281.63267200874344
134 8.674787897507985 283.3431370778963
135 8.668614762804593 284.0325034183744
136 8.664664734205514 284.3189694665141
137 8.658420397240219 285.045463643259
138 8.65849628531 285.04557252289663
139 8.64764094317669 287.3059497251047
140 8.642990279605213 287.7268436755121
141 8.646314244362978 287.9449458368845
142 8.638196624811266 289.26431048704904
143 8.645541682262307 290.35981652613214
144 8.644647400627498 290.37628476484747
145 8.64494236650855 290.37810142655366
146 8.635739461972259 292.17106180336333
147 8.637484627358026 292.23642651828794
148 8.639146713524593 292.2965281302163
149 8.633068697498992 293.1111792624786
150 8.629999402842598 293.3217289950001
151 8.62557464937331 293.76518073492934
152 8.63525616599388 295.9165121839645
153 8.643712753940521 297.579638970251
154 8.644447744060713 297.59236740950485
155 8.63243822581458 301.0351023849005
156 8.631557907651986 301.05384091933
157 8.61516308706586 307.63704907845056
158 8.606766291001392 309.3860254824322
159 8.603812830962452 309.6051628344691
160 8.604924015941437 309.63657441801246
161 8.605509569622981 309.64540682942834
162 8.610447446659197 310.28135457530215
163 8.602012728429571 312.1599954927203
164 8.598867808007501 312.42438899261595
165 8.608841938854729 315.1164067160409
166 8.603529510486808 315.88940442459057
167 8.601128865843354 316.04916893597886
168 8.607358419781965 317.13794773082
169 8.611636752972665 317.65763872863477
170 8.610947113980002 317.67130277237675
171 8.619801901441523 319.9506018493183
172 8.626879069540003 321.4237403488654
173 8.623035571568673 321.86331016422986
174 8.622659034331612 321.86757803454634
175 8.615270678491546 323.52977660603835
176 8.626259946656367 327.2493082618273
177 8.62151225411119 327.95149255028133
178 8.614175702278656 329.6473027731694
179 8.603646706025591 333.17951651310585
180 8.60482809682495 333.22448545870026
181 8.603915225683043 333.25163547135406
182 8.596925282152093 334.8611588800153
183 8.594133006688475 335.12083917624415
184 8.591518625178102 335.3509869824809
185 8.581728900777085 338.61333646146215
186 8.580535911694788 338.6623095631881
187 8.587925256211875 340.5614906710136
188 8.583734057564152 341.1790461034695
189 8.58321862234884 341.1884860128923
190 8.58470480658432 341.26780199491435
191 8.602134949215293 352.29306225473096
192 8.603440307006775 352.3555498378509
193 8.610829357716066 354.37873593401815
194 8.607404684049952 354.81787030189093
195 8.603694813288259 355.3385299285107
196 8.592974357890462 359.7310843541507
197 8.591265183235434 359.84388074034035
198 8.583853240279902 361.98674939839725
199 8.586488102774927 362.2602977978851
200 8.577267316539952 365.64420916977076
201 8.578278044188758 365.68527629904924
202 8.578985436773815 365.70559371319507
203 8.573705125330298 366.8489102498904
204 8.567852069752503 368.2676132963116
205 8.574190856255514 369.9479498596244
206 8.579288702138838 371.0454244784385
207 8.581276896521308 371.2139847609942
208 8.59133694671111 375.5714504414611
209 8.583698148543832 378.1080954354706
210 8.58150021630905 378.32012390458084
211 8.581877882840715 378.32644392890575
212 8.587756876708541 379.87249676084866
213 8.586515780399488 379.9420514529519
214 8.579467570593977 382.206440384936
215 8.577269076666004 382.42882399405266
216 8.571975888132366 383.7299727090096
217 8.577075920826918 384.94912906014156
218 8.565674111662391 391.0989682978641
219 8.556454925848682 395.15672258325037
220 8.559821308179142 395.7027238784016
221 8.5577941361691 395.90252418794194
222 8.573329766791312 407.743923371369
223 8.583265526872518 412.63112244270695
224 8.579854393747105 413.2123553828699
225 8.575121856348051 414.3411596586354
226 8.571773388544697 414.91130189127597
227 8.571241351059346 414.9258236347462
228 8.568876438732024 415.2152851254569
229 8.568692700163501 415.21704779534883
230 8.573518519837704 416.4436549616042
231 8.575954234631697 416.75885966101345
232 8.577561982509405 416.8973871157591
233 8.581441147834429 417.7108176749007
234 8.57817452864676 418.29261108251063
235 8.5635102332332 430.1177464656006
236 8.566958925920899 430.77735893595764
237 8.558962376500261 434.35391963703273
238 8.55757164491778 434.46301641830496
239 8.5563024158339 434.554650047734
240 8.559626473575383 435.1884413298037
241 8.560308772646149 435.21536770195434
242 8.56200199668476 435.38257732182194
243 8.561531243361696 435.39560924251526
244 8.560965569067058 435.41458193588755
245 8.564530932691968 436.1744944026463
246 8.565466930304114 436.227296439156
247 8.569901448917012 437.42217845480457
248 8.573174925283475 438.0785761593997
249 8.572823565382617 438.08619967721796
250 8.563250277001686 443.7912783661405
251 8.564267443382555 443.85620123840033
252 8.559020476226195 445.59757081922857
253 8.556108875097435 446.1380572809838
254 8.561321926899453 447.884435550959
255 8.564085662802828 448.3791641059801
256 8.565039863167387 448.4386014373363
257 8.567332780864245 448.78450100651224
258 8.567945642441593 448.8094054945593
259 8.56475270506622 449.4906456999871
260 8.558067002109889 452.50065104151423
261 8.555825851083375 452.8414953942125
262 8.553391420567943 453.2467580303954
263 8.555811022970499 453.6501665389367
264 8.556363273626255 453.6713419649246
265 8.54934038842476 457.12183328699916
266 8.537526074413764 466.96068760314694
267 8.534650593303038 467.5479253126505
268 8.539616315453287 469.31238153070694
269 8.531084637620376 474.5599240855694
270 8.530362275838856 474.59782289481655
271 8.525708445258381 476.18254893069786
272 8.53464951489052 482.07528716190103
273 8.535401040524913 482.11722626599766
274 8.53084228362548 483.67178121274327
275 8.527461285084915 484.5331184504871
276 8.52498821861899 484.9973272333232
277 8.529527944866105 486.57293524733643
278 8.531469838963565 486.86332122985533
279 8.536158777371867 488.56861048400225
280 8.534857269710002 488.70093968578897
281 8.535155652364843 488.70794473997023
282 8.532348483827272 489.3323871678759
283 8.531302711539826 489.41966617595375
284 8.533162292882539 489.69759598947724
285 8.541445397407863 495.250874867016
286 8.537022119881087 496.8456493232855
287 8.537197744474916 496.8481810603258
288 8.546483491979517 503.9752034813083
289 8.545249895482288 504.1018626360943
290 8.542507999399831 504.73194572387723
291 8.540276845069934 505.1520433333188
292 8.534470978937332 508.01628643875995
293 8.527443441322665 512.2415794318507
294 8.52684710308963 512.2722131885732
295 8.529036405988478 512.6879141707468
296 8.52662495589811 513.1956879638736
297 8.522552195263774 514.6539176427507
298 8.525329829939835 515.3367639481157
299 8.52676935642201 515.5214043641045
300 8.531626051737836 517.6372021624568
301 8.52937193461482 518.0960204360427
302 8.52667131749295 518.758998977768
303 8.52893174593436 519.2265522465824
304 8.525282910946878 520.4529311166801
305 8.522601623494166 521.1195232355851
306 8.519577871975361 521.9728462617717
307 8.521898923699448 522.4789382234209
308 8.523464234773574 522.710619217256
309 8.514469267522623 530.4109320455595
310 8.517565542533712 531.3292630112331
311 8.516259347127654 531.4937525893982
312 8.514684992585803 531.7342553500239
313 8.524941677748467 542.0076265624344
314 8.53123894194449 545.90505198643
315 8.531936091818 545.9531240214822
316 8.53003918794285 546.3112932602554
317 8.532407008431862 546.8729149777797
318 8.539610354372643 552.1035561353858
319 8.53469343659997 554.5560260816211
320 8.540062726728719 557.4989186253828
321 8.539746145357165 557.5092136105045
322 8.545331465118478 560.733673563079
323 8.544243606632136 560.8567580166714
324 8.538997846953858 563.736571187786
325 8.536881921984586 564.2080138692661
326 8.543209911231259 568.4506171749078
327 8.542831142376729 568.4659109209338
328 8.546211830072775 569.6917450324615
329 8.545044724874742 569.8387356952954
330 8.539763503888636 572.8668936047453
331 8.543095134090544 574.0793203679464
332 8.545694423851206 574.8217844853488
333 8.54755931157931 575.2062768318451
334 8.542343963047335 578.2314996952398
335 8.546454624711552 580.122165369493
336 8.546306929320863 580.1246207452772
337 8.549106332923827 581.0119814906697
338 8.547659324769052 581.2504815868035
339 8.544425010613804 582.4490996037028
340 8.54413901852894 582.4585268888353
341 8.547623004854602 583.8658252424113
342 8.553647939923447 588.0991854842207
343 8.556673299049939 589.1728635881377
344 8.558219954887614 589.4551174760486
345 8.558758295586433 589.4895122108745
346 8.555110309052223 591.0780649837023
347 8.55197155935435 592.26088575209
348 8.555794791614826 594.0259888735129
349 8.561200637185843 597.5752008715582
350 8.56196128676697 597.6458753695287
351 8.555874661161194 602.1971007034184
352 8.556652296314317 602.2718146279472
353 8.558243760325608 602.5865249686232
354 8.558530106831439 602.5967711430142
355 8.552482406879774 607.1931105132394
356 8.550847160796712 607.5310543933182
357 8.545995747921175 610.5223179992456
358 8.549042480991899 611.7086877260016
359 8.54755932917858 611.9914026204902
360 8.54500752457475 612.832975599067
361 8.546482371795983 613.1156612544713
362 8.546237777775387 613.1234794665021
363 8.54996959743752 614.9535022333466
364 8.550067832476017 614.9547773233709
365 8.548463322036275 615.296819248761
366 8.548879351613307 615.3199410873127
367 8.545838671985532 616.5618463814438
368 8.545840828247691 616.5618470093822
369 8.549226890646857 618.1187591279818
370 8.545532014042081 619.9826821328719
371 8.548009990525014 620.8255703727287
372 8.553194804782205 624.5356502059719
373 8.562029331296193 635.3653976474081
374 8.56245890268147 635.3911401711906
375 8.561076903906534 635.659006537294
376 8.561968150645878 635.7710057630992
377 8.565435990666659 637.4757031825064
378 8.565243472900795 637.4809848952347
379 8.55966142133636 641.944928484273
380 8.559688669626738 641.9450354147057
381 8.56200107673777 642.7192068886803
382 8.561988715972278 642.7192291258276
383 8.56552871635598 644.5526777928836
384 8.56676049135914 644.7758256760858
385 8.564979874856103 645.2445664602361
386 8.567570877112926 646.24222888762
387 8.567071963865942 646.2794122227059
388 8.55588699686206 665.0644513983459
389 8.555977562897633 665.0656893738226
390 8.549366854540818 671.6956386257649
391 8.547066385982044 672.5026394316702
392 8.549712789560559 673.5760725113449
393 8.540980156985087 685.3242092496824
394 8.535344832457358 690.2415084548294
395 8.53554295877253 690.2476175605709
396 8.534802668538987 690.3333403552763
397 8.531855650611332 691.6987131597348
398 8.531595738545725 691.7093871415924
399 8.539284476939345 701.0972370309695
400 8.538697724662871 701.1521838371074
401 8.530328839692439 712.386316835096
402 8.525863800579671 715.6001324819454
403 8.52483260233461 715.7724047731043
404 8.52618067447205 716.0682827744902
405 8.521342143784342 719.8988526417957
406 8.513623815008666 729.6943751100696
407 8.510793029000757 731.0185169953538
408 8.515236217844627 734.2967824422528
409 8.51877392538826 736.3852480432287
410 8.514023819503361 740.1689223505753
411 8.512202172019704 740.7281058595406
412 8.51024306509536 741.3780189987522
413 8.507866033309584 742.3394480612494
414 8.50550511139944 743.29249356756
415 8.504792154822285 743.3798258071309
416 8.499355649270285 748.4823033165185
417 8.499996643823042 748.5535784539372
418 8.50099405014191 748.7269814381588
419 8.495379688334912 754.2476426659432
420 8.498297171703092 755.7455332515927
421 8.498205493223061 755.7470194137379
422 8.502830771381774 759.547777764892
423 8.503253559874654 759.5796857319762
424 8.502000226760327 759.8614197263163
425 8.50251767381656 759.9096685386885
426 8.504942039714809 760.9737989677429
427 8.504863256807093 760.9749279873536
428 8.500609482424624 764.2818240647514
429 8.497367492982049 766.2116771729007
430 8.500471162544509 767.9886332868762
431 8.496822564771993 770.455795490097
432 8.495604673320484 770.7319665592424
433 8.504556170153231 785.7206320670226
434 8.501772294656773 787.1770205725254
435 8.502067869766252 787.1935141439197
436 8.501831943294517 787.2040708660901
437 8.496515342663386 792.5896945384586
438 8.49511163500162 792.9668400020523
439 8.491056665807585 796.1284896962476
440 8.490693131578023 796.1540171686496
441 8.488413829116555 797.162097601345
442 8.488523614050454 797.1644469439156
443 8.49016497637438 797.6919620688492
444 8.490430582670587 797.7058380412673
445 8.492894185929194 798.9050184391713
446 8.497362777196393 802.8681285107216
447 8.4962387551662 803.120007550109
448 8.49390329494362 804.21227876022
449 8.492859384309826 804.4314840338116
450 8.496497339305805 807.1055585132972
451 8.493267125339427 809.2231960997043
452 8.497503007032261 812.8808500990328
453 8.498920014720822 813.2919818806351
454 8.498304958841283 813.3697825267536
455 8.496434879176972 814.0921987074644
456 8.497377565508074 814.2765773694751
457 8.500658907739304 816.5203771369536
458 8.503758012294087 818.5306459480291
459 8.503752205290397 818.5306530369866
460 8.501286325395048 819.8145032477968
461 8.508784191599831 831.7360918241175
462 8.507412134028685 832.1370393797912
463 8.506941435416659 832.1844317906559
464 8.511245100542054 836.1634498780076
465 8.514233008428823 838.0896674601594
466 8.513306695408225 838.2755995740898
467 8.510863146484825 839.5750055943927
468 8.509339218599601 840.0825704759008
469 8.508864148330881 840.1321080117353
470 8.508067341471135 840.2720592770218
471 8.504737856860558 842.7260492777227
472 8.512359763403438 855.6409224123842
473 8.514896268325609 857.0773196399358
474 8.512992567422495 857.8898449803028
475 8.512505939678384 857.943161977588
476 8.509906301702546 859.471172368172
477 8.511485118755582 860.0371365528011
478 8.507474668081908 863.7043199852482
479 8.507524829692635 863.7048960964997
480 8.510841634149525 866.2342901163623
481 8.513840146460108 868.3101497609551
482 8.511461382399174 869.6220319971998
483 8.516396309333544 875.2916738139378
484 8.51803341510304 875.9182097279709
485 8.51911880203188 876.194748655671
486 8.521752155920085 877.8292920727129
487 8.526311097792528 882.7484791624232
488 8.527771200754879 883.2551381458347
489 8.533609120676443 891.3880290776526
490 8.532074865984287 891.9520560325398
491 8.531914836622079 891.9582173973083
492 8.535284260625692 894.7007886896575
493 8.5401797502299 900.5138417532307
494 8.540741313243746 900.5906434580672
495 8.537730769909254 902.8069096099878
496 8.536122843320868 903.441683871344
497 8.538972708037104 905.4437875061492
498 8.535873740394017 907.820736239844
499 8.531806188270401 911.9321969289688
500 8.53250265150346 912.0532196572021
501 8.537928461861139 919.4277938755916
502 8.539205369322152 919.837866041571
503 8.538658069670936 919.9135009081186
504 8.545193239514843 930.7406041887452
505 8.540990923564873 935.2352897808203
506 8.541467186782748 935.293250795385
507 8.543704868638304 936.577813050864
508 8.541829500796634 937.4836386725725
509 8.541937337108232 937.4866455210573
510 8.545234860399196 940.3093388826744
511 8.544702445616615 940.3832128268148
512 8.547253855834766 942.0863571139224
513 8.54866543857924 942.6097164883747
514 8.548534852901208 942.614212957139
515 8.54636173750507 943.8642875413941
516 8.547162662195234 944.0347545320785
517 8.546688691537003 944.094684377651
518 8.547500878675793 944.2713420561242
519 8.546978282457458 944.3447646364441
520 8.548767972046885 945.2091872609418
521 8.552759039658312 949.52456917529
522 8.550376629514254 951.0681923336293
523 8.552507804556196 952.3081602122871
524 8.549669981696107 954.515166353049
525 8.551027464025106 955.0221091541003
526 8.551491002676483 955.0814449747572
527 8.550041862895846 955.6635708667508
528 8.553431971713279 958.8615219399667
529 8.553533410907109 958.8643960353212
530 8.55271721995583 959.051169464664
531 8.551434440262863 959.5142692110064
532 8.551886352952069 959.5719611619286
533 8.550404514641295 960.1946061241607
534 8.550800699899307 960.2392811784579
535 8.547576411459907 963.2093246862856
536 8.549445564454274 964.2111875373772
537 8.549721929626426 964.2331714859353
538 8.55174340987816 965.4137518819459
539 8.554886072502505 968.2777093354669
540 8.55837678907676 971.8243051823157
541 8.558443905525085 971.8256211613118
542 8.555302231831458 974.7197556105156
543 8.559510401474679 979.931529843549
544 8.55922943893809 979.9548480723635
545 8.560431714412479 980.3833999258251
546 8.559682954505295 980.5502299868083
547 8.559987648548393 980.5779573069188
548 8.55861801976763 981.1402644905962
549 8.56185808129483 984.2986083954996
550 8.562260537478275 984.347515532788
551 8.565215053739113 986.9928893907781
552 8.562520103973064 989.2018706188475
553 8.56386827429447 989.7566926957634
554 8.563318735983739 989.8492116776137
555 8.56154782777503 990.813473228367
556 8.558579603045345 993.5321735141756
557 8.556006621507274 995.5824070206334
558 8.560790617652064 1002.6957055607816
559 8.563094482872364 1004.3513235782079
560 8.55551514001461 1022.3343565783712
561 8.55195163717724 1026.3237338229574
562 8.549726349656781 1027.884980192882
563 8.548788564817604 1028.1632404135369
564 8.548204521004932 1028.2715528570677
565 8.547258160390092 1028.5569442474568
566 8.55286946936555 1038.6261043156712
567 8.552741807249825 1038.6313345791261
568 8.554424708077466 1039.5434471528245
569 8.55393740729378 1039.62019298891
570 8.553965181067511 1039.6204431713986
571 8.553105509673154 1039.860976862344
572 8.551427018256575 1040.781151770389
573 8.552623805450159 1041.250596553736
574 8.552029345752336 1041.3668247096057
575 8.553619984342854 1042.2018944876245
576 8.55245473255488 1042.6516017323938
577 8.548565842418563 1047.6779160680571
578 8.54677095303649 1048.7523483004336
579 8.543484327101332 1052.3673371174548
580 8.539477766639227 1057.7580966461092
581 8.539262423270829 1057.7737233409014
582 8.541402596934848 1059.3225297891622
583 8.54558419700357 1065.255559564254
584 8.549132544737468 1069.5423647662926
585 8.551413520266498 1071.319866223021
586 8.548677159766163 1073.8867139601653
587 8.55088734478295 1075.5670377577442
588 8.550757780893983 1075.5728318229421
589 8.54909074016036 1076.5352970425936
590 8.550812134983273 1077.5650387219791
591 8.555302062360797 1084.5944365946925
592 8.553537039738549 1085.6843945356372
593 8.555571163781199 1087.1369451225632
594 8.555583327496702 1087.1369972388718
595 8.553981981462977 1088.0433010110576
596 8.555078178047687 1088.4694290532925
597 8.55561183398424 1088.5707602754928
598 8.552914219103364 1091.1687379365023
599 8.55169021941461 1091.705387303129
600 8.550481926363469 1092.2301012749474
601 8.549989073876175 1092.3176923038152
602 8.551896599457892 1093.6341645422099
603 8.54885633411569 1096.9895064479012
604 8.549942593373446 1097.419261738968
605 8.550003356368565 1097.4206109213426
606 8.548922496238221 1097.8489295796946
607 8.544705602513414 1104.3899669018167
608 8.546877395201484 1106.130687240195
609 8.547196903964158 1106.1684867718334
610 8.547966558869316 1106.3885458101781
611 8.544160910616943 1111.78648931773
612 8.5444504515902 1111.8178375237424
613 8.54452953706289 1111.8201839414428
614 8.544319751818065 1111.836748456409
615 8.54709339746324 1114.7417437858117
616 8.545896166434565 1115.2847586974215
617 8.545927870830587 1115.2851407339099
618 8.544482887074 1116.0812992948358
619 8.542750761462266 1117.2290244247915
620 8.545252286097972 1119.63057594035
621 8.544976774269553 1119.6598015640106
622 8.547022280981484 1121.2759595131108
623 8.548709258069508 1122.3787596204734
624 8.54801756633954 1122.5647531357656
625 8.54445789484111 1127.5065449946958
626 8.543514033331219 1127.8550996623253
627 8.544406556499478 1128.1677658158285
628 8.541230172051055 1132.140534754484
629 8.540206942655917 1132.5541116845181
630 8.540763868839749 1132.6770214721453
631 8.540345279637815 1132.746675454343
632 8.541011903135018 1132.9238933897925
633 8.544106938879512 1136.7561283314624
634 8.543762599080805 1136.8037130396553
635 8.543444952160646 1136.8443341958855
636 8.542819809376008 1137.0021640978748
637 8.541940281434522 1137.315561815976
638 8.5407232878187 1137.9174789569477
639 8.541586723186464 1138.221414300183
640 8.541146027661204 1138.3008394629887
641 8.539903853952918 1138.933837945752
642 8.543880446818878 1145.441355011244
643 8.543695939013483 1145.4554082196707
644 8.541265963769751 1147.9005302490543
645 8.538821569003302 1150.38245307036
646 8.539373273819674 1150.509278336791
647 8.538217111738298 1151.0679726387975
648 8.538543625755523 1151.11267010936
649 8.541598497715068 1155.0373634367934
650 8.540029836683798 1156.0754086480704
651 8.540088754576434 1156.0768775363128
652 8.542523315852238 1158.5926421491538
653 8.547197243530105 1167.8935373963313
654 8.545558581404952 1169.0402900698678
655 8.545927566746563 1169.0986127234696
656 8.548074732679037 1171.0795756834557
657 8.553673813136147 1184.5910464328351
658 8.552977308899177 1184.8007659207042
659 8.557241799581575 1192.6865639164048
660 8.558989990784497 1194.0158155757142
661 8.5612096356411 1196.1651915039697
662 8.563247635065721 1197.9826628101405
663 8.563935073057914 1198.1900770544428
664 8.567443252870929 1203.608155618179
665 8.566485911473032 1204.0128464850955
666 8.568659661177577 1206.1055849000982
667 8.567716255945767 1206.5009484466248
668 8.564556379016492 1210.949745890406
669 8.562915586015317 1212.1528692803251
670 8.5634318857871 1212.2723519139254
671 8.560171742460875 1217.0506221724759
672 8.560892861979951 1217.2851024370175
673 8.561175960040279 1217.3213482733283
674 8.560640629710427 1217.4513408822356
675 8.563094955122411 1220.1918292152748
676 8.56276399893507 1220.2418086659345
677 8.564536296140085 1221.6793107062947
678 8.56468729590687 1221.6897764697724
679 8.563612176056463 1222.2219009379678
680 8.564621667709424 1222.6924275070144
681 8.562276503278353 1225.2392731353675
682 8.559406129145144 1229.0658329108069
683 8.560111207530495 1229.2974016232563
684 8.561036543514792 1229.6974160990374
685 8.564847776066012 1236.5031908513931
686 8.562006237716295 1240.2974040514453
687 8.563691151955718 1241.635343484669
688 8.564328174015346 1241.8271459208713
689 8.561955982300171 1244.4946631291639
690 8.560995770715895 1244.9329941378655
691 8.558995338847362 1246.840977869182
692 8.558957471582799 1246.8416635342269
693 8.56202763311457 1251.3619065172134
694 8.561146577119302 1251.7352423938805
695 8.561598323336339 1251.833673717214
696 8.55898491256248 1255.1374406232658
697 8.559222094471242 1255.164730723909
698 8.557756043370652 1256.2103809058146
699 8.55534539690789 1259.045684994403
700 8.55325149952535 1261.1909749718466
701 8.54969391290978 1267.4014815059882
702 8.549005816397258 1267.6344803914103
703 8.545876605937362 1272.4668704666567
704 8.542765159673388 1277.258161967575
705 8.542614548465483 1277.2694203594
706 8.541378319316765 1278.0300824575777
707 8.543547028999061 1280.3776978677731
708 8.54244043864457 1280.9906498195687
709 8.542560942436877 1280.9979390372841
710 8.539770783857923 1284.9168225839342
711 8.53929839141327 1285.0294732685472
712 8.536724836423295 1288.3823416024688
713 8.537056222586052 1288.4380907542384
714 8.539302659858201 1291.0071630982407
715 8.5403565533957 1291.5741822610257
716 8.538981462727898 1292.542196473038
717 8.542045710920188 1297.3625629233245
718 8.546952801601636 1309.7588540550844
719 8.544493746315236 1312.8805451148978
720 8.545963695881508 1313.9991230691273
721 8.542693713589008 1319.5499611995297
722 8.543433262194855 1319.8346732884054
723 8.543776635512966 1319.8962205288155
724 8.544497476609122 1320.1682124097176
725 8.543483333682351 1320.708064645988
726 8.544677918749429 1321.4591837194928
727 8.541920059318825 1325.4735341747205
728 8.542443696428524 1325.6186539590353
729 8.545032727947415 1329.1760611840696
730 8.546691654798146 1330.64061340409
731 8.547906033593005 1331.4275660270757
732 8.547205204074599 1331.6903828914008
733 8.55006683933084 1336.0842165492409
734 8.550059705700471 1336.0842439284716
735 8.547652003219953 1339.211684309275
736 8.549174891820007 1340.4662731629905
737 8.54965814425283 1340.5929488885045
738 8.551823033754925 1343.1420984609485
739 8.551996494890465 1343.158508332078
740 8.551713416705182 1343.202330006086
741 8.550561548795228 1343.9298673437027
742 8.550072551278953 1344.0613399946042
743 8.548840986919062 1344.8975337960176
744 8.552650288657478 1352.918976746897
745 8.551132280968488 1354.1962303926364
746 8.551115801395984 1354.1963813266022
747 8.549147235418694 1356.3559120104967
748 8.551091667424686 1358.4684655381259
749 8.551904624439059 1358.838735584743
750 8.54900141097486 1363.5735288339506
751 8.54929915845207 1363.623462951725
752 8.54868465432284 1363.8367219616605
753 8.548371534555265 1363.8922399586081
754 8.546410221082036 1366.0762787388544
755 8.54572738975553 1366.3417057837225
756 8.546587512702123 1366.7639753821354
757 8.5507859279115 1376.8515892103187
758 8.551272180160904 1376.9872606182453
759 8.55253300507363 1377.9018381848482
760 8.551178581157021 1378.9600304827607
761 8.550087122546868 1379.6490202811021
762 8.553588537877777 1386.7583210171292
763 8.550857835890795 1391.0937105224002
764 8.548590791495728 1394.0896838756655
765 8.548496548385211 1394.0948749113827
766 8.548405250201732 1394.0997593479967
767 8.55363564289156 1410.1726032199285
768 8.556913697285061 1416.5023872931774
769 8.55789455731789 1417.0705878266886
770 8.558057917694997 1417.0863897707309
771 8.557569097709557 1417.228244235919
772 8.555991178789869 1418.710219809161
773 8.554966773877178 1419.3364587930485
774 8.553729677036328 1420.2521053154396
775 8.553762715113791 1420.2527600604499
776 8.558631256231427 1434.507559398582
777 8.558023154269598 1434.7305238103347
778 8.559790528339548 1436.6187654638425
779 8.56255510954091 1441.2508423108798
780 8.564454415396627 1443.4427480550455
781 8.562819236519154 1445.0715796072914
782 8.561109858400984 1446.8561515777026
783 8.561803964932796 1447.1511507366017
784 8.56258996821139 1447.5304015665852
785 8.567265844432903 1460.986269986635
786 8.56762322480982 1461.0650749566005
787 8.566183401737138 1462.3474514122859
788 8.568210164186583 1464.8949071602044
789 8.566935630876587 1465.9048704800375
790 8.566165756237515 1466.2743106552039
791 8.566825238857037 1466.546086142706
792 8.56620949192156 1466.7836094234412
793 8.567598749251482 1467.9957800687039
794 8.566586604715713 1468.6408083540273
795 8.566329603558422 1468.6825008397834
796 8.567962949371012 1470.3707497704843
797 8.566939382358626 1471.0354165164156
798 8.567606173867864 1471.3181917271602
799 8.568680124772259 1472.0535830934266
800 8.566579705115906 1474.8735818322282
801 8.564550215737809 1477.512926260855
802 8.563034805136988 1478.9881827250974
803 8.5645210478914 1480.41073886473
804 8.566648353505963 1483.3324102470363
805 8.56850344874347 1485.559739136397
806 8.572116862496642 1494.031356046971
807 8.572009042308554 1494.03891756073
808 8.572866030215723 1494.5178059227298
809 8.574514573342576 1496.2942866834294
810 8.576712571286722 1499.4601204303833
811 8.575848199177194 1499.9509236052902
812 8.576926886107062 1500.717168716308
813 8.578798345342724 1503.0292724671071
814 8.579762446889564 1503.6443934046097
815 8.579344678589614 1503.7601785857241
816 8.580465319135913 1504.5953592497503
817 8.58012578270221 1504.6722165244785
818 8.579024419130715 1505.482872849702
819 8.580944771108333 1507.9534526111236
820 8.580833885599274 1507.9617100875653
821 8.580712948759725 1507.9715564142182
822 8.581974475135041 1509.0455647313277
823 8.583186549878473 1510.0394367328295
824 8.584671769405926 1511.5353566624663
825 8.586034705859882 1512.7981502720268
826 8.582624729527957 1520.7220090202893
827 8.58166905810975 1521.3458914457838
828 8.582823817545776 1522.2589925875
829 8.584841086935105 1525.0522609616655
830 8.585993374649533 1525.9658575854066
831 8.584202401313842 1528.1782255248431
832 8.585652762190495 1529.6326008658561
833 8.585004327476785 1529.924008443556
834 8.583829471259534 1530.8829242799256
835 8.586619849717906 1536.3051644134807
836 8.585865082303375 1536.702830941238
837 8.58513373229766 1537.077098576921
838 8.585998312809668 1537.6013991843845
839 8.585200396047117 1538.0490312168706
840 8.585829309801502 1538.327786708938
841 8.586940799535686 1539.200529346099
842 8.586640444304503 1539.2644113436656
843 8.588163877659575 1540.9117640219383
844 8.58886231465697 1541.2588399507067
845 8.589980121635897 1542.14995297059
846 8.588229730439483 1544.3402212460205
847 8.587085041799472 1545.2791410925315
848 8.586988300126077 1545.2858632155078
849 8.587141225119309 1545.3027000515367
850 8.58499311031831 1548.6326797896695
851 8.585753526708723 1549.050944693013
852 8.585946491571963 1549.0779423221288
853 8.585240707232384 1549.43996240325
854 8.58373672442429 1551.0877174317177
855 8.580584023712648 1558.345258047769
856 8.577671158470238 1564.5551017034593
857 8.579737055996528 1567.6860229073825
858 8.576209325753059 1576.8368183338225
859 8.579386061976164 1584.274588634173
860 8.577986265116017 1585.722098875559
861 8.581060937321805 1592.7221183238348
862 8.578190531685655 1598.8371254223302
863 8.58018848984523 1601.806676774389
864 8.581833275156173 1603.8238489815444
865 8.580572022185322 1605.0127186699958
866 8.58141569419177 1605.5459077888113
867 8.583782720147605 1609.7526222068675
868 8.584570370096284 1610.2195022611875
869 8.585561453788866 1610.9604032290972
870 8.5868432729182 1612.2026060928338
871 8.58641801330175 1612.3396455702818
872 8.587670823246679 1613.5317245344622
873 8.589160668431024 1615.2214377923565
874 8.589725857748242 1615.4651703609936
875 8.587677489044461 1618.673919382578
876 8.590089326339845 1623.1326185629287
877 8.591449709387051 1624.5543780076991
878 8.59022853101669 1625.702669946782
879 8.588738033713371 1627.4172026772612
880 8.590446967369266 1629.676232441177
881 8.58927782225207 1630.7359629096857
882 8.590822008358122 1632.5888278964428
883 8.587599772629677 1640.6750172395011
884 8.590289091006905 1646.320452191967
885 8.586568533483078 1657.1500314196837
886 8.587033106748413 1657.3192645627882
887 8.58609333273166 1658.0133360573273
888 8.58754971958952 1659.684003803403
889 8.587463187004335 1659.6899149820383
890 8.58756030638387 1659.697377812335
891 8.58775851706584 1659.728532386697
892 8.586566575468389 1660.8576846549765
893 8.586410433291773 1660.877104992405
894 8.58549835642564 1661.5412330961715
895 8.587206823008293 1663.876698998953
896 8.58637933982411 1664.4257964136048
897 8.583529410374974 1670.9536239329175
898 8.58577200432823 1675.0046969716477
899 8.585968812807588 1675.0359666662685
900 8.585928820218879 1675.0372607465947
901 8.58364589854422 1679.2634537166632
902 8.58612319315936 1684.250996634149
903 8.586638054435461 1684.4669076224834
904 8.58618646147237 1684.6333831932998
905 8.586395322166334 1684.669071869832
906 8.586268545554573 1684.682250038388
907 8.586017029867115 1684.7342335532046
908 8.585163734280135 1685.3338756784901
909 8.58510695267997 1685.3365368017207
910 8.585970821159211 1685.9538428485596
911 8.58613994282402 1685.9775543065748
912 8.586404750556023 1686.0358148510134
913 8.587937065394296 1687.9908817829526
914 8.587116739991163 1688.5524328987285
915 8.586990857734003 1688.565685353565
916 8.587538442895124 1688.817001220769
917 8.587031526174268 1689.0328442577436
918 8.587939095299982 1689.7262244700041
919 8.589028151287817 1690.7268201119048
920 8.587800406943558 1692.0012596106244
921 8.586589968363825 1693.242720299665
922 8.589795051876878 1701.9657881709174
923 8.592813773114173 1709.7207317471139
924 8.594312310659266 1711.6359087983944
925 8.593652129698055 1712.0084203075442
926 8.594096016523263 1712.177191076712
927 8.59333045260847 1712.6802902804807
928 8.593331153839053 1712.6802907034894
929 8.591090430558644 1717.0088178239516
930 8.590081325349914 1717.8885927056067
931 8.588451306662728 1720.1890691794679
932 8.587659593075601 1720.7329475525719
933 8.58935252675344 1723.225116298402
934 8.590307516125877 1724.0198572593652
935 8.58935565724203 1724.8110888568544
936 8.590469266040918 1725.8963962641217
937 8.58961948975509 1726.5297183803864
938 8.59005834287468 1726.6989886979768
939 8.592678019855112 1732.7435379192145
940 8.594609984222394 1736.0380542912892
941 8.595802729748364 1737.296437948423
942 8.595854619847389 1737.2988247126787
943 8.597357477220616 1739.3051351306697
944 8.598969272127162 1741.6177496346543
945 8.597923845101006 1742.5927196270466
946 8.597786502580645 1742.6095825544592
947 8.598406652553264 1742.954118527323
948 8.59986835519116 1744.8722411953895
949 8.598074702692509 1747.766591970848
950 8.599663424016306 1750.0421361260069
951 8.600110364507225 1750.2226055057056
952 8.599117362055642 1751.115331347977
953 8.600076558938143 1751.9500600870708
954 8.600347442225063 1752.0167723536827
955 8.600705948307267 1752.1338690931457
956 8.600064912324738 1752.5090373451114
957 8.601194941078527 1753.6773223936082
958 8.60227841063668 1754.7535667177094
959 8.600255564546401 1758.5128910620087
960 8.602230185928645 1762.1025857399104
961 8.600907999532621 1763.7153837892504
962 8.601909401162713 1764.6424591690363
963 8.601223353625358 1765.0784825504638
964 8.59980969809226 1766.9336816112416
965 8.599477112564372 1767.0365805846818
966 8.598127060178943 1768.735628711807
967 8.597212974609574 1769.516136617074
968 8.598135841850516 1770.3133604833342
969 8.599191075211815 1771.357830940293
970 8.60092366012036 1774.1793602481578
971 8.600930099901266 1774.1793993082395
972 8.600333583980163 1774.5152371064228
973 8.60009600252528 1774.5686202543834
974 8.599873342933437 1774.61560475491
975 8.600115227227342 1774.6711668881617
976 8.599354439326678 1775.2219512836352
977 8.598840179992056 1775.4741301850997
978 8.599284294643587 1775.662592109077
979 8.599909540185646 1776.0368946320427
980 8.599848442024518 1776.0404761327927
981 8.600796428168449 1776.904446927979
982 8.601619864017941 1777.5576376940105
983 8.60277453940191 1778.8446562850977
984 8.60347898755023 1779.3246623006164
985 8.602972049964617 1779.5737431357097
986 8.604729219447412 1782.5724944391916
987 8.60486129576783 1782.5894707762736
988 8.60195621009937 1790.819322014382
989 8.602744404256075 1791.4263652973893
990 8.602398141463928 1791.5437585510408
991 8.603134159810352 1792.0752375752647
992 8.602901041853094 1792.1286616223338
993 8.603292609860835 1792.279695830678
994 8.601307619221076 1796.1688267165807
995 8.600851160877408 1796.3748952902981
996 8.5999916103197 1797.1070877836466
997 8.599709146321846 1797.1863161497902
998 8.599023160512916 1797.6545426206521
999 8.59881269580137 1797.698705217864
1000 8.59522015471806 1810.5921503017087
1001 8.595605641305404 1810.7408988106404
1002 8.595775989091248 1810.7700042919232
1003 8.59634174423302 1811.0916854872419
1004 8.59595560450969 1811.241834889623
1005 8.595953475225084 1811.2418394643714
1006 8.593976597063826 1815.1929924901553
1007 8.593896684957615 1815.1994617203654
1008 8.594682213158015 1815.8258066473472
1009 8.59300341826213 1818.6922738603043
1010 8.590726474280059 1823.9757193644987
1011 8.590231099846429 1824.2262954999537
1012 8.591190042972222 1825.1671389560802
1013 8.591015328860927 1825.1984318641862
1014 8.590802407038915 1825.244999881535
1015 8.591668272761142 1826.016622752407
1016 8.592015366010836 1826.1408600755274
1017 8.591372015142241 1826.5685317077655
1018 8.590058897201462 1828.3536878188731
1019 8.587760787036006 1833.8322128418927
1020 8.586415971405401 1835.7119617973922
1021 8.58672710426808 1835.8127750631547
1022 8.58594436245454 1836.4520883142784
1023 8.587227331249855 1838.173000526383
1024 8.589322250714552 1842.7703789609739
1025 8.589600384706381 1842.8515744608485
1026 8.591390564290586 1846.2218423775926
1027 8.59244432014451 1847.391874553236
1028 8.592132844458787 1847.494300941617
1029 8.594939269507515 1855.8256510538329
1030 8.596410853113138 1858.1208613380938
1031 8.59690184284913 1858.3768617810706
1032 8.595401448775885 1860.772101818643
1033 8.595188317035666 1860.820527560293
1034 8.593383687481772 1864.2990674752143
1035 8.59338684309489 1864.299078132053
1036 8.592126990515803 1866.0009997860168
1037 8.59144575471195 1866.499578166079
1038 8.590646872027834 1867.1865550530235
1039 8.590569626898981 1867.1929901501321
1040 8.589823995575165 1867.7937448478724
1041 8.587548841574103 1873.3978421346262
1042 8.587246458474684 1873.4970242751597
1043 8.588172242659848 1874.4285000029472
1044 8.588240585968325 1874.433586008209
1045 8.587601509113036 1874.8791632164462
1046 8.587485197199323 1874.8939507716082
1047 8.58759570772386 1874.9073255208023
1048 8.590083635368304 1881.6991031139864
1049 8.590247705161985 1881.7286964574596
1050 8.588804083831631 1884.0241651191498
1051 8.587939817551002 1884.84846863789
1052 8.587351429294223 1885.2312461792628
1053 8.58651290050777 1886.0101432379001
1054 8.58410949813969 1892.421086769192
1055 8.583269294972371 1893.2060723859065
1056 8.58269706070682 1893.5708801709748
1057 8.580920507074127 1897.093741526171
1058 8.579614700239643 1899.0006003010922
1059 8.578045627327095 1901.759067842273
1060 8.577799036999041 1901.8273258961958
1061 8.577747785697184 1901.8302800360539
1062 8.576390619606773 1903.9056995730757
1063 8.577436112864415 1905.1396572211509
1064 8.574534456379421 1914.6625059623498
1065 8.575152498831713 1915.095346422307
1066 8.576326294369789 1916.6595444036452
1067 8.5774857012789 1918.1884947874078
1068 8.577501861758076 1918.1887923950917
1069 8.578115281130398 1918.618392058507
1070 8.578007485359155 1918.631683281092
1071 8.575940589104329 1923.5273360262233
1072 8.575144105448942 1924.2556824503451
1073 8.57743939289568 1930.3156272791596
1074 8.576806396089548 1930.7773774244845
1075 8.580340815283325 1945.2001534590459
1076 8.577343511979791 1955.5917462579584
1077 8.575158922243617 1961.1222889915225
1078 8.574639344116823 1961.4357158313383
1079 8.574988168572267 1961.577247639587
1080 8.574553766276718 1961.7971497631506
1081 8.574133147404899 1962.0037005994943
1082 8.57424837507763 1962.019230423558
1083 8.573875336557679 1962.182296295152
1084 8.573669084235716 1962.2322370878812
1085 8.573261459793084 1962.427661788965
1086 8.575189721675319 1966.8088468273427
1087 8.575935545613833 1967.4654938912233
1088 8.574870902619326 1968.8059927262707
1089 8.573947268437141 1969.8167730269163
1090 8.572296050195428 1973.053181528389
1091 8.573388304162206 1974.4719074694701
1092 8.573999585660326 1974.9170815711802
1093 8.573048392526346 1975.9969732975087
1094 8.572475238418368 1976.3897812783182
1095 8.57283386128416 1976.5438474867153
1096 8.572122910164767 1977.1504499338932
1097 8.570662812115701 1979.7136424305102
1098 8.570558950279466 1979.7266357752296
1099 8.570447044243343 1979.7417472572188
1100 8.570235556975758 1979.7958175635322
1101 8.567996976513028 1985.8649333408903
1102 8.57011554856229 1991.3106543732047
1103 8.569778345695125 1991.448864423279
1104 8.570161568812022 1991.6276975556327
1105 8.569260056493277 1992.6191563799093
1106 8.568580050031747 1993.1842800316504
1107 8.567214988067029 1995.4657117734967
1108 8.567413225413015 1995.5139130268012
1109 8.56808531196496 1996.0689497487574
1110 8.569756103505172 1999.5053129538217
1111 8.570871694444195 2001.0400960034854
1112 8.570589663501242 2001.1383640595802
1113 8.569645249129705 2002.2422523490106
1114 8.57017620816299 2002.5917967765806
1115 8.56896000480106 2004.429064550173
1116 8.569856382086309 2005.4288820809988
1117 8.570384680007153 2005.7767986971398
1118 8.571226243506842 2006.6612394765777
1119 8.570414216887587 2007.4861605960461
1120 8.573690764562954 2020.9410797403616
1121 8.57540646419769 2024.6368600974517
1122 8.575649073777406 2024.710891224391
1123 8.57357283892731 2030.142463541365
1124 8.573323732735364 2030.2207911942671
1125 8.573984764063031 2030.7733301694968
1126 8.572925567168285 2032.1944945393298
1127 8.571663180083922 2034.216802966898
1128 8.570523655024983 2035.8675509518405
1129 8.569940360186335 2036.300841593045
1130 8.568605555266842 2038.5738863259621
1131 8.56923551570887 2039.081072734055
1132 8.570349616270082 2040.6701968477414
1133 8.571391353642253 2042.062048105061
1134 8.56869504867272 2051.402781762321
1135 8.567568935660567 2053.034979868338
1136 8.56727058000341 2053.1497536646584
1137 8.565717485050653 2056.2653042909114
1138 8.565445719958939 2056.3608673554286
1139 8.566509224882688 2057.826904574005
1140 8.567697043078862 2059.6589174567293
1141 8.567557155458267 2059.6843710477683
1142 8.56825804116474 2060.324468582985
1143 8.568719950770877 2060.602969303229
1144 8.568648491180527 2060.609646486542
1145 8.568054745590675 2061.071423493847
1146 8.568480248842446 2061.308995831515
1147 8.568143954616229 2061.45765334271
1148 8.567983326514307 2061.4916274740176
1149 8.56797521717621 2061.491714216677
1150 8.567414891780578 2061.906571273484
1151 8.566238954897754 2063.7369509632
1152 8.568998962776488 2073.83758058495
1153 8.570744738063238 2077.8857480394054
1154 8.57095644692073 2077.9453846802585
1155 8.571170997097466 2078.0067390566505
1156 8.571112091351639 2078.0113719802303
1157 8.568736060756434 2085.562211674312
1158 8.56878625325832 2085.5655870304795
1159 8.570694453621341 2090.452560075705
1160 8.570505665785866 2090.5004770558085
1161 8.567587241056723 2101.9711052329785
1162 8.568386131756322 2102.8321249135606
1163 8.567613281814312 2103.639315707554
1164 8.566070683136422 2106.860670834005
1165 8.566688622696958 2107.378481396406
1166 8.567101610091738 2107.610166477095
1167 8.569527486245473 2115.6178455109575
1168 8.569536007632275 2115.617944487951
1169 8.570969658800596 2118.4243106802405
1170 8.571329069052108 2118.600988199918
1171 8.570876616287435 2118.8814600307
1172 8.570881659778555 2118.881494940473
1173 8.569305985765496 2122.2946684685326
1174 8.569671795082689 2122.478947378474
1175 8.568904794465427 2123.290463945698
1176 8.568198711232386 2123.979365216189
1177 8.568634765012527 2124.2425518903697
1178 8.56797798933318 2124.8406272057173
1179 8.567656096813092 2124.98453385642
1180 8.569303871087657 2128.7619188349804
1181 8.56958364262362 2128.8709972852885
1182 8.569780738666374 2128.9252252348683
1183 8.569165037300984 2129.4553064993866
1184 8.569096466256244 2129.46189244257
1185 8.568243257537116 2130.4832566222835
1186 8.567621175852894 2131.0271300850795
1187 8.568299648139421 2131.6751668324746
1188 8.569254603655642 2132.9611445486453
1189 8.570198427002197 2134.2194315989987
1190 8.57215344726396 2139.627365086442
1191 8.572115071654427 2139.629452311577
1192 8.571707410159675 2139.8653846118586
1193 8.571705401186206 2139.8653903512404
1194 8.571493585488872 2139.9292992088067
1195 8.569638728154697 2144.8383017314454
1196 8.571548674993615 2150.051948978154
1197 8.57070824841383 2151.0631206363887
1198 8.572903046405305 2157.970925751544
1199 8.573838280855776 2159.2272941197334
1200 8.57320388320787 2159.8063541082433
1201 8.57406515444126 2160.8754191719595
1202 8.57449748605373 2161.1452437213466
1203 8.575115911652887 2161.6982690366162
1204 8.57611821035516 2163.153347625986
1205 8.574791744335363 2165.706082973339
1206 8.575031605822332 2165.7896924294005
1207 8.574910677787773 2165.810979140529
1208 8.576714517526774 2170.5552568736725
1209 8.574925486500318 2175.2296903118777
1210 8.5761114348204 2177.2872062101983
1211 8.579958247100977 2198.970811896997
1212 8.581160123159888 2201.090959666893
1213 8.579643448037366 2204.4727645523276
1214 8.580525114167154 2205.617454323413
1215 8.580780299474466 2205.7135062976827
1216 8.58039072736554 2205.937732089146
1217 8.581122865223424 2206.7309817253986
1218 8.580635913362329 2207.082469259231
1219 8.580442201481867 2207.138183152522
1220 8.580960557923826 2207.5377786045
1221 8.581437876219596 2207.8771628337145
1222 8.581165913684638 2207.987521141127
1223 8.582261968100186 2209.7829239278526
1224 8.583384561359214 2211.669406228448
1225 8.582063712157206 2214.2853233645455
1226 8.582422288900895 2214.4784271541876
1227 8.58269796812286 2214.5927526521627
1228 8.582972037021767 2214.705930762756
1229 8.582867729119275 2214.7223511983752
1230 8.581567950334438 2217.2762041211035
1231 8.580963231902915 2217.829897813548
1232 8.581656713058749 2218.559251343948
1233 8.582339458601524 2219.267346350186
1234 8.582021557788613 2219.4211127737276
1235 8.581731867620135 2219.5490066145408
1236 8.582777192609488 2221.216976071249
1237 8.583234341247564 2221.5364997376614
1238 8.583139528341993 2221.5502662920867
1239 8.584761839306205 2225.5872793830263
1240 8.58404112644299 2226.3853062966855
1241 8.584289462245525 2226.480207591772
1242 8.583341778824941 2227.8644748381835
1243 8.583819828175823 2228.217282647953
1244 8.582191779252282 2232.315796544446
1245 8.582072828149172 2232.337710797864
1246 8.582291303493587 2232.41175520482
1247 8.583047908609053 2233.3012082827754
1248 8.583094281152595 2233.3045548755895
1249 8.585810872047189 2244.8079359009093
1250 8.585083192498447 2245.6346451378413
1251 8.58461229745338 2245.98139441469
1252 8.58327306708023 2248.79052688231
1253 8.583651833030501 2249.015586336319
1254 8.582062020943484 2252.986954925523
1255 8.581230604786509 2254.0748278856213
1256 8.58193221947741 2254.8507724823066
1257 8.582401987907716 2255.1991840554088
1258 8.582819124677329 2255.474336177046
1259 8.584208375109595 2258.5311391875266
1260 8.58531108068754 2260.460064526114
1261 8.585818582804837 2260.8692887640473
1262 8.585217770945285 2261.443737707366
1263 8.584958727761155 2261.5506941734116
1264 8.585437345654192 2261.9163969735555
1265 8.585961969725343 2262.3564793995724
1266 8.585594227655015 2262.5730556670383
1267 8.587524726619534 2268.5509669654352
1268 8.587290084882074 2268.6394187093883
1269 8.58835866702892 2270.4767890587614
1270 8.587346731717465 2272.1271192501326
1271 8.58549956628189 2277.6346998098275
1272 8.58531561724637 2277.689404894181
1273 8.585530273715886 2277.764016000441
1274 8.583622464514805 2283.6669470399343
1275 8.584724622176598 2285.640128657554
1276 8.5869041232716 2293.3682697476647
1277 8.587549202059359 2294.046328137404
1278 8.587492499518968 2294.0515753273326
1279 8.586160295506966 2296.9525428900356
1280 8.586004718365382 2296.992168146857
1281 8.583997657803778 2303.5972781340206
1282 8.58513141058053 2305.708208378836
1283 8.58630718072583 2307.9820464762424
1284 8.585925167375592 2308.2224543907696
1285 8.587833224138569 2314.2293589576525
1286 8.587571524722465 2314.3425337232206
1287 8.588978258863163 2317.6177770531067
1288 8.58801707632552 2319.1492388027514
1289 8.589495089716424 2322.776054761148
1290 8.590181915836155 2323.560452319899
1291 8.590993288562137 2324.6568213582027
1292 8.58955083007612 2328.12734815409
1293 8.591065274262064 2331.9588371541936
1294 8.590241122850147 2333.095277948981
1295 8.59049996447695 2333.2075501627505
1296 8.590042388052638 2333.5589504000245
1297 8.590805612827099 2334.5381019056927
1298 8.588945303180491 2340.36429863066
1299 8.590119058674963 2342.6872446621755
1300 8.589217129169676 2344.060962989235
1301 8.589232712526947 2344.0613737062586
1302 8.590093358707165 2345.3160669862013
1303 8.588379143257496 2350.301308579677
1304 8.588907510113211 2350.7756522835257
1305 8.589703487940014 2351.8538292336243
1306 8.589858353829662 2351.8947049363555
1307 8.58995508175879 2351.9106755846014
1308 8.590531589745977 2352.4788661115012
1309 8.590749794097432 2352.5603879949185
1310 8.589828454259557 2354.0160168039383
1311 8.589121746371914 2354.873753250744
1312 8.590416846798002 2357.7587373193533
1313 8.590853655481247 2358.087423229308
1314 8.59149123318209 2358.7887595487678
1315 8.591309126454233 2358.846061986762
1316 8.589834029715833 2362.6115619489847
1317 8.59074296975349 2364.0434601128
1318 8.592068382883571 2367.092785169045
1319 8.591132569471961 2368.6152200855695
1320 8.592270011289255 2370.8677839260167
1321 8.59046767784625 2376.532094156946
1322 8.59024263201763 2376.6205397518765
1323 8.5911835304328 2378.1689169722154
1324 8.592322513596221 2380.4413047146145
1325 8.590608994514488 2385.5921885255416
1326 8.590635063811009 2385.5933825632055
1327 8.590585531515854 2385.5976996556765
1328 8.591257424701928 2386.3932533034827
1329 8.591245420468194 2386.393507630174
1330 8.592803507156264 2390.6845208849863
1331 8.594333693267115 2394.8294604978823
1332 8.594621691450548 2394.976509396884
1333 8.594818085070285 2395.0449933976815
1334 8.594807516921012 2395.045191999791
1335 8.594187458370008 2395.72989542029
1336 8.59276846761968 2399.3211554581444
1337 8.591225325629411 2403.574686859782
1338 8.591747243372604 2404.061981510106
1339 8.591488391335103 2404.18202534643
1340 8.59114722536498 2404.3908668381177
1341 8.592813712941515 2409.3812941816877
1342 8.59326081114278 2409.7410328635315
1343 8.593337682598401 2409.7516830874347
1344 8.593793867125827 2410.12730972573
1345 8.595018047770045 2412.836331963311
1346 8.595648680375565 2413.556311555872
1347 8.59483973039225 2414.7427794655687
1348 8.595214260027033 2414.9974800034443
1349 8.595157238427731 2415.003392632452
1350 8.59414835061831 2416.857058559091
1351 8.594330080045344 2416.9172922716543
1352 8.592963542755768 2420.3282396128893
1353 8.59316436755841 2420.4020146074035
1354 8.592242901414098 2421.9575332761765
1355 8.59208315785416 2422.004350394302
1356 8.592236731152564 2422.047684556924
1357 8.592107230180094 2422.078543823253
1358 8.590184548185345 2428.890855917837
1359 8.590342635704282 2428.9369785829076
1360 8.588529199518932 2435.015009710417
1361 8.589421007211909 2436.487116996856
1362 8.588881362488713 2437.0269396461954
1363 8.588486293408934 2437.3166867108957
1364 8.590108820641845 2442.2110276148264
1365 8.590140419242115 2442.212886629046
1366 8.589366130651827 2443.3307508859452
1367 8.58852560625094 2444.6499789011764
1368 8.586619645448067 2451.4433062401336
1369 8.586263753662685 2451.6805121325856
1370 8.587300193091034 2453.6952190033217
1371 8.587449026469363 2453.736825265513
1372 8.587474899116936 2453.7380844034574
1373 8.588086577633334 2454.4428928550915
1374 8.588147852861047 2454.449976016487
1375 8.586817113852552 2457.7955851902575
1376 8.588096676178022 2460.89331846735
1377 8.588019649255365 2460.904560309142
1378 8.587524690030362 2461.3694201228554
1379 8.587800921927895 2461.5144178308287
1380 8.588272517395216 2461.9376538268434
1381 8.586716247916964 2466.5534047495257
1382 8.586941439732458 2466.6501894980643
1383 8.584947454558941 2474.2494979497637
1384 8.586584394378624 2479.378391635772
1385 8.58574538355438 2480.7277303813594
1386 8.5845267848467 2483.578318233953
1387 8.583694334608296 2484.9104778234755
1388 8.585304133295034 2489.899426827715
1389 8.585389863176017 2489.9135963808285
1390 8.585580427637078 2489.9837097550176
1391 8.584384932154018 2492.747071934533
1392 8.584405559040825 2492.7478957571975
1393 8.584811712056187 2493.0677629621628
1394 8.58625601545715 2497.118469286075
1395 8.587903564947576 2502.3970105349376
1396 8.588951280215952 2504.5347076531416
1397 8.589222736084967 2504.678415438263
1398 8.5902860783515 2506.886673025578
1399 8.590148951708782 2506.923449371218
1400 8.589489984506647 2507.7739474743744
1401 8.589310154350976 2507.8373769631958
1402 8.589054590958906 2507.965664195777
1403 8.589168866438515 2507.9913511013974
1404 8.588443432104961 2509.027974460889
1405 8.58742432163394 2511.076710276334
1406 8.587427110319357 2511.0767256387912
1407 8.585953301276252 2515.373690993137
1408 8.586023338104315 2515.383408384408
1409 8.587629548160734 2520.501621074596
1410 8.587129410671812 2520.9985667600185
1411 8.587956190491449 2522.3585259048496
1412 8.588695594244818 2523.4477694929074
1413 8.588091537603365 2524.175770844917
1414 8.587315784363915 2525.378142603501
1415 8.587852901273926 2525.955365434147
1416 8.587342816582694 2526.4766852970724
1417 8.588932114735494 2531.544769955757
1418 8.58832128351432 2532.29447172343
1419 8.586654437969285 2537.8849548834046
1420 8.584728062870152 2545.3623865254444
1421 8.584157215163037 2546.019927686687
1422 8.585317419139082 2548.739886784574
1423 8.585775427299863 2549.164360623557
1424 8.586140902218494 2549.4350243429876
1425 8.587487570198482 2553.1150082673635
1426 8.58832206416177 2554.5300876014994
1427 8.587608227178938 2555.5669988537525
1428 8.588445931031803 2556.996989531826
1429 8.590824001544796 2568.5370980302096
1430 8.59249431866784 2574.2382961436915
1431 8.592268907681861 2574.3422704014097
1432 8.592586553478284 2574.549031521707
1433 8.591074553238768 2579.2403285200758
1434 8.591985505973469 2580.9455744813404
1435 8.590585948509084 2584.9762934773203
1436 8.590051132327984 2585.5657006520155
1437 8.589920906281062 2585.6006957265713
1438 8.589171285219225 2586.7618748381533
1439 8.589439485026091 2586.910720643952
1440 8.591099237527184 2592.6190621805313
1441 8.591566499822175 2593.072114072459
1442 8.591983304344268 2593.433103169856
1443 8.591736033252372 2593.560329876313
1444 8.591398734722121 2593.797392137155
1445 8.59153925053913 2593.8385910224924
1446 8.592193367176469 2594.7326095744043
1447 8.592750026671025 2595.3809693539743
1448 8.592254292974228 2595.895882493062
1449 8.593926871317587 2601.765501140024
1450 8.59224343326356 2607.719800533549
1451 8.59190073646983 2607.9668907199743
1452 8.59321109158693 2611.584419932301
1453 8.593421119294062 2611.6774847247416
1454 8.593569849894843 2611.724218480583
1455 8.594209210748028 2612.5890260522347
1456 8.595049274013792 2614.0840507145026
1457 8.595351392883412 2614.2776824905586
1458 8.596102219554734 2615.4752402215504
1459 8.596190067917691 2615.4916567060764
1460 8.595788287183767 2615.835520430826
1461 8.596968469661876 2618.806511844592
1462 8.59571159989916 2622.180768748125
1463 8.596101541794614 2622.5059994194216
1464 8.594832065210936 2625.9577133216453
1465 8.593065532523584 2632.6507323112014
1466 8.593671319824747 2633.438887838075
1467 8.594824305716482 2636.2978741132983
1468 8.594616639415722 2636.3907468456523
1469 8.593459714344862 2639.2771588114892
1470 8.593434189260165 2639.2785657448067
1471 8.59159487242376 2646.5940503369397
1472 8.592070228690673 2647.0833319893454
1473 8.592807866867359 2648.2631019343276
1474 8.593159995755665 2648.5323195921574
1475 8.595680788879017 2662.34773394024
1476 8.596858317473746 2665.36644330609
1477 8.596491904587257 2665.659133606906
1478 8.598083255557157 2671.18737343752
1479 8.598817685860553 2672.3664548257957
1480 8.599635097636167 2673.829008014724
1481 8.598910568243022 2674.9796197302157
1482 8.599936246555206 2677.2886286318744
1483 8.59843164756527 2682.2640616800545
1484 8.597683086771069 2683.497249442808
1485 8.597884718043048 2683.586842866791
1486 8.599578298500758 2689.916161074697
1487 8.598719619230097 2691.5454261023197
1488 8.598820124432477 2691.5677767948696
1489 8.598976559263106 2691.6219974226415
1490 8.597871058654869 2694.333430800208
1491 8.59707931009221 2695.7260695627783
1492 8.598255617754415 2698.8042092077535
1493 8.597873160277889 2699.1300421133915
1494 8.597682342858432 2699.211259019586
1495 8.598135760419403 2699.670444834058
1496 8.598211492707351 2699.6832721248784
1497 8.600246059154173 2708.953643871529
1498 8.598500440842543 2715.7869706822376
1499 8.597321614133522 2718.907393037936
1500 8.597261227193979 2718.9155923786134
1501 8.598135743981764 2720.6374936752986
1502 8.598454906808042 2720.8671483178955
1503 8.597568643719628 2722.6403340868796
1504 8.597859500938531 2722.831568704257
1505 8.59824720822749 2723.171814108611
1506 8.596840180830187 2727.6589226987
1507 8.596813357205841 2727.6605556496543
1508 8.598074037787734 2731.272364192252
1509 8.598441830622527 2731.580184387804
1510 8.598023901535187 2731.978173676807
1511 8.596948005132656 2734.6192583345232
1512 8.596647365080981 2734.8257535199828
1513 8.595041611612455 2740.7243468686343
1514 8.594463489396054 2741.48995074064
1515 8.595147728349092 2742.563826643085
1516 8.593364821846349 2749.8646017741444
1517 8.593203237735171 2749.924647498661
1518 8.594232452191603 2752.363969358927
1519 8.596342285063761 2762.6281823284585
1520 8.59526904432889 2765.287655770521
1521 8.594502893961364 2766.644721335261
1522 8.592900139583367 2772.591445715216
1523 8.59226173201615 2773.5361820269227
1524 8.591921627199104 2773.804661097975
1525 8.591003465923878 2775.763924175889
1526 8.591775326644727 2777.1503679399866
1527 8.592389982805491 2778.0307233726267
1528 8.592548630993937 2778.089449670831
1529 8.591034645034522 2783.4446353643852
1530 8.59048321073244 2784.155990501576
1531 8.592182090459591 2790.9166939948677
1532 8.592401678088658 2791.0297906329192
1533 8.59399707915318 2797.007580921328
1534 8.594061115556945 2797.0172241259675
1535 8.592969666235469 2799.8222759531495
1536 8.593852750963238 2801.660948296556
1537 8.593190581446665 2802.696098688404
1538 8.593739717005244 2803.408934215764
1539 8.592506668077105 2807.0077165116777
1540 8.592472946055269 2807.0104116840816
1541 8.593123247942994 2808.013994898748
1542 8.592307533049821 2809.595111125283
1543 8.5947605469529 2823.912054891598
1544 8.595170773311025 2824.312977313374
1545 8.593877216461342 2828.3045755284707
1546 8.595034033224497 2831.501019672895
1547 8.594294888320357 2832.807668784445
1548 8.593815535371707 2833.357934020572
1549 8.59390228395341 2833.3759786156184
1550 8.59525894078357 2837.794969719047
1551 8.596071472540292 2839.3821424145003
1552 8.59599411692555 2839.396546550007
1553 8.597308020650452 2843.5574751197514
1554 8.596712204950169 2844.414209817853
1555 8.597499253614703 2845.9110815277168
1556 8.598728546006532 2849.567453519358
1557 8.598470907936033 2849.7282654556484
1558 8.600619494850708 2860.926818689827
1559 8.602793110275435 2872.4025133222035
1560 8.602056052844784 2873.723727943931
1561 8.600770750305985 2877.7466186348997
1562 8.599378599043696 2882.4722167391433
1563 8.598477963364008 2884.452550099659
1564 8.598942078152389 2884.9791084937306
1565 8.599211748937927 2885.157108038276
1566 8.597712624004334 2890.664953602954
1567 8.598142762982697 2891.118977124326
1568 8.597083843774225 2893.87409831758
1569 8.597952640644388 2895.7310709246644
1570 8.597936790608685 2895.7316897713736
1571 8.597154157994122 2897.24243670679
1572 8.596830439216092 2897.501236849484
1573 8.597590478652998 2898.9296489460576
1574 8.597396149897786 2899.023148080011
1575 8.597272378532512 2899.0611255167655
1576 8.597900570716007 2900.0406647328095
1577 8.599390418963301 2905.5572708317545
1578 8.599336181219712 2905.5645913515514
1579 8.600161197410124 2907.2605453636606
1580 8.600031459525175 2907.302537971299
1581 8.60033700070187 2907.53573792001
1582 8.601529804919 2911.094317487942
1583 8.601912518183125 2911.4611217917063
1584 8.601652604406324 2911.6305144923745
1585 8.600634818490484 2914.2312567687136
1586 8.600239722323094 2914.6236649769835
1587 8.60076494687369 2915.3180017169475
1588 8.599619198591213 2918.6263091037854
1589 8.599100677587167 2919.304742318467
1590 8.596374691333036 2938.079240800775
1591 8.596114251964895 2938.250826295018
1592 8.594911045844402 2941.917677673719
1593 8.595089637549258 2941.998565172341
1594 8.594879441872012 2942.110754527957
1595 8.593962488302141 2944.248439458524
1596 8.594731228365273 2945.752802323989
1597 8.594633976817994 2945.7769086398403
1598 8.594368842928313 2945.9563044011893
1599 8.593322522423149 2948.7537053098768
1600 8.593770588534815 2949.267337984178
1601 8.595039384199003 2953.3911103719824
1602 8.592329941484921 2972.2195265787627
1603 8.592458360147726 2972.261876472103
1604 8.592321015078786 2972.31037896153
1605 8.591414161867093 2974.4275375545026
1606 8.59151763024337 2974.455132900597
1607 8.59012334282442 2979.472386289234
1608 8.590026246214691 2979.496748127376
1609 8.589538811304557 2980.111465304528
1610 8.588185532192853 2984.8555963503777
1611 8.589339268299312 2988.3081018960356
1612 8.590316908186285 2990.790196910129
1613 8.589342852950875 2993.2571822846076
1614 8.589912890728483 2994.1031332186035
1615 8.58894083883766 2996.5660795916247
1616 8.588477827585297 2997.1255755766324
1617 8.588550298531608 2997.1392995302276
1618 8.586873410345964 3004.4962316185365
1619 8.586811231134403 3004.5063594341896
1620 8.584747871513487 3015.6727218174187
1621 8.584612103468537 3015.7211271443675
1622 8.583120770248401 3021.5688024314304
1623 8.583217523817545 3021.5934459864948
1624 8.58292374115626 3021.82093313451
1625 8.584373585137639 3027.3682366726534
1626 8.583549369771362 3029.163198928158
1627 8.582858580792546 3030.425604475294
1628 8.585296661110426 3046.170434282703
1629 8.586959963422943 3053.507423275245
1630 8.585883005448329 3056.5871075936116
1631 8.58625842884213 3056.96180805528
1632 8.585557276663875 3058.2703832712546
1633 8.584178473055587 3063.336919607776
1634 8.582931716779054 3067.484562561452
1635 8.582167440032395 3069.045088895021
1636 8.581329586092545 3070.92283854072
1637 8.580880270474418 3071.463511946603
1638 8.579849226533243 3074.3139849083022
1639 8.579367884879703 3074.935998310208
1640 8.580716871089777 3079.8274506005305
1641 8.579698014801526 3082.621141091151
1642 8.578386384433566 3087.2567272809856
1643 8.579085419889358 3088.5750117164657
1644 8.578760319890563 3088.8604901548406
1645 8.57930130742249 3089.6519743147237
1646 8.581294239057957 3100.406234400341
1647 8.582587472995323 3104.9401936865124
1648 8.582623388356073 3104.943694840986
1649 8.58188997727454 3106.4054438173016
1650 8.58194133149709 3106.4126193957613
1651 8.581062904239406 3108.514667374674
1652 8.580425904770605 3109.6213809994665
1653 8.579699510221053 3111.0622617857643
1654 8.579191979179964 3111.7665226856716
1655 8.57773143513971 3117.6058499671285
1656 8.578262235188042 3118.3780329704305
1657 8.577567277056849 3119.7032900171803
1658 8.577306928767719 3119.8895058015873
1659 8.577736945691397 3120.3981358437272
1660 8.578011639186185 3120.6059385616177
1661 8.57858979621632 3121.5275955961306
1662 8.578539966852972 3121.5344500258634
1663 8.578813605807161 3121.741406545624
1664 8.57834499325965 3122.349084382661
1665 8.579102633834804 3123.939439131335
1666 8.5808548856262 3132.456353097244
1667 8.582201340864277 3137.4912946938193
1668 8.581927101428105 3137.7004127150785
1669 8.581383491149083 3138.523086584885
1670 8.57974248404979 3146.0288302367776
1671 8.578883114319682 3148.0897117602276
1672 8.579901505733128 3150.9873367658884
1673 8.579811687833049 3151.0099029438293
1674 8.577507118967592 3165.8840056242575
1675 8.57881426364212 3170.6749108621007
1676 8.578326085698992 3171.343940152979
1677 8.575890909702839 3188.011337358126
1678 8.57568077534941 3188.1355938634897
1679 8.574596105241739 3191.4502462958867
1680 8.575077783316024 3192.1046921694347
1681 8.574331597399517 3193.6771213366123
1682 8.575102035052366 3195.3554178945687
1683 8.573331180374034 3204.2326168568675
1684 8.573512157474482 3204.325443672987
1685 8.5742504877395 3205.872276337186
1686 8.575086659786551 3207.8585942803984
1687 8.574270433625108 3209.7535264728945
1688 8.574704251849726 3210.2894503544217
1689 8.575547196487014 3212.315267283235
1690 8.575957710710613 3212.796297959102
1691 8.576677060399478 3214.275101331843
1692 8.578039346265909 3219.5849295123103
1693 8.577126182922072 3221.9735890683237
1694 8.578209124604232 3225.3370044342837
1695 8.579095766095321 3227.594252085129
1696 8.57957359721566 3228.250615571054
1697 8.579242202057396 3228.566697748354
1698 8.578321321062132 3231.0102776746157
1699 8.578841531876275 3231.790987808895
1700 8.579227786636512 3232.221901199277
1701 8.57910827587656 3232.2632028349144
1702 8.579350494676168 3232.4330583154774
1703 8.579959928401138 3233.5095908786157
1704 8.580813348801666 3235.62312994076
1705 8.579363217447506 3241.7326720059
1706 8.580174865654055 3243.6488642450045
1707 8.580672697582177 3244.37059970046
1708 8.580627597871818 3244.376529894349
1709 8.581696988484415 3247.7146554217175
1710 8.581624870481594 3247.729854790609
1711 8.581442663278793 3247.826990116576
1712 8.582538474394227 3251.344417762709
1713 8.581579337975993 3254.0422931499684
1714 8.580469754373564 3257.6571261694
1715 8.580558539984343 3257.68029798775
1716 8.580381310441352 3257.7727366481367
1717 8.58042735804929 3257.7789840828705
1718 8.580700430219203 3257.998946426043
1719 8.579518788681321 3262.1224894911247
1720 8.580710154174472 3266.319058388631
1721 8.58026431497616 3266.907449109966
1722 8.579104816810721 3270.891768538126
1723 8.579495686071395 3271.3450640919104
1724 8.57923039938818 3271.554115664469
1725 8.580203314525926 3274.369101943352
1726 8.57900234506867 3278.6634161341617
1727 8.579075899045376 3278.67954283185
1728 8.580044112587654 3281.477096206771
1729 8.58024969474514 3281.6033689368796
1730 8.580036814068617 3281.7389233246395
1731 8.579687523210847 3282.104280472568
1732 8.579824954650073 3282.160906636871
1733 8.579660425802306 3282.242157982632
1734 8.578758311310166 3284.6876766100404
1735 8.577797921439888 3287.4625534593188
1736 8.57708835545914 3288.979026769644
1737 8.577715829393664 3290.166273326817
1738 8.578503194114923 3292.037823585882
1739 8.578941904133355 3292.6195308114643
1740 8.57879418772502 3292.685555492089
1741 8.57895041693272 3292.7594943060712
1742 8.578645590396933 3293.0413017513706
1743 8.5784474023918 3293.1605632521964
1744 8.578850572964098 3293.654670834039
1745 8.577645289488228 3298.0756688190304
1746 8.577219292673853 3298.6285761821823
1747 8.57781774140428 3299.7209997080904
1748 8.577232414512018 3300.7672396330827
1749 8.578773588652206 3308.0288787897307
1750 8.579107909152787 3308.3709794205324
1751 8.579620176297063 3309.175092634388
1752 8.579783754666767 3309.2571791835853
1753 8.578519618875264 3314.165166969986
1754 8.578932462613956 3314.6892292594507
1755 8.57840835746307 3315.5347875765974
1756 8.577711476372766 3317.0314332439793
1757 8.577623869977385 3317.0551124914223
1758 8.578125480002727 3317.8322950541074
1759 8.577610843631554 3318.6512983742973
1760 8.57704019304341 3319.6594341938057
1761 8.57564104106643 3325.7268227025406
1762 8.573231663274344 3343.739367174116
1763 8.574065172200223 3345.8975027616825
1764 8.574967791398748 3348.431230969199
1765 8.573997880893932 3351.3601449471603
1766 8.57560139272355 3359.3747060698006
1767 8.576775389730045 3363.6756247165313
1768 8.57666894105711 3363.711024394671
1769 8.575474714177172 3368.1715268000157
1770 8.576174439899546 3369.7045784171028
1771 8.5758589001305 3370.016682919776
1772 8.576451815726392 3371.1199179084288
1773 8.575926521085316 3371.9868366535593
1774 8.57626969303077 3372.357249384329
1775 8.577179418305683 3374.9632378830565
1776 8.577665759251659 3375.708867223654
1777 8.576720066062446 3378.5313474747845
1778 8.576564993922096 3378.6073252805168
1779 8.576309702801465 3378.8134732797685
1780 8.576112576091678 3378.936524775438
1781 8.575508457718756 3380.0935105250055
1782 8.575309774518027 3380.218794035687
1783 8.576282529591825 3383.225327570479
1784 8.576281362568926 3383.2253319026436
1785 8.57616986323119 3383.2649211865414
1786 8.576317198688827 3383.3341256694202
1787 8.576223209008504 3383.3623202963267
1788 8.576319515505618 3383.3919551809477
1789 8.577013231251586 3384.9313178825264
1790 8.577854190153456 3387.1960295407903
1791 8.578249154831003 3387.69613907252
1792 8.579695920164356 3394.4139809745516
1793 8.579839116035542 3394.4798648726614
1794 8.580355869599591 3395.338818443647
1795 8.579486410513397 3397.773180624505
1796 8.579802910559302 3398.096118021179
1797 8.57830559959656 3405.331782465007
1798 8.578533705728207 3405.4998994851735
1799 8.5794997058228 3408.5182883402176
1800 8.578106768994115 3414.801280397012
1801 8.57876151071906 3416.1909970266033
1802 8.57818824279705 3417.25755331658
1803 8.576824046813547 3423.304053166657
1804 8.576048261110346 3425.2616164179603
1805 8.576486635945715 3425.8873723438105
1806 8.57534085533049 3430.1669202569756
1807 8.574819721037091 3431.053208941335
1808 8.574203296627442 3432.2946217856997
1809 8.574384339876127 3432.4018234829296
1810 8.572269677741671 3447.04378022082
1811 8.572360462868176 3447.0707965557244
1812 8.571580716684352 3449.065981502717
1813 8.5725278618035 3452.0130419828474
1814 8.572569894430798 3452.0188524113382
1815 8.573223128797078 3453.423773596503
1816 8.571939776065763 3458.852332468149
1817 8.57182965815172 3458.892344142313
1818 8.572990963765058 3463.34728411648
1819 8.572833482800647 3463.429297118546
1820 8.57345269025747 3464.6986326657934
1821 8.572654742440184 3466.808865207486
1822 8.573699651026551 3470.431419593316
1823 8.573606347473278 3470.460335140016
1824 8.573180817770973 3471.0624387925777
1825 8.572597933704792 3472.193411357221
1826 8.573102110089991 3473.040499577318
1827 8.572980362587217 3473.0899487971933
1828 8.572917548792262 3473.103126047748
1829 8.57309873255531 3473.212882092385
1830 8.57311196930981 3473.2134685381084
1831 8.573679623307779 3474.293177822505
1832 8.573951025553955 3474.5402595840364
1833 8.572490930942802 3481.699219495584
1834 8.571389789539726 3485.7753490708737
1835 8.572271995717415 3488.394590848036
1836 8.572334611675428 3488.4078001176504
1837 8.57162357451486 3490.112965198695
1838 8.570227339511353 3496.695174781018
1839 8.570658854581076 3497.324563813091
1840 8.569327177756119 3503.325199160108
1841 8.568581267468097 3505.2099103366418
1842 8.568420528305042 3505.2975270220936
1843 8.567662386347404 3507.248790993745
1844 8.568633305689136 3510.4524962774212
1845 8.567747725124736 3513.1206659313716
1846 8.566464402329776 3518.729852483097
1847 8.56550226296577 3521.8861254723506
1848 8.566180151071952 3523.454626799624
1849 8.566361651433 3523.567189334474
1850 8.565832714961346 3524.5241975528206
1851 8.565219617896298 3525.8113696638666
1852 8.566077116622704 3528.332030237198
1853 8.566528330686356 3529.030715618637
1854 8.56643843975137 3529.058475457735
1855 8.567201503172015 3531.060986473847
1856 8.566370342836 3533.43942267138
1857 8.566779529710203 3534.016499004823
1858 8.566669586946592 3534.058204272454
1859 8.56746542442166 3536.24583427466
1860 8.565424924277671 3550.642621744545
1861 8.566132374984857 3552.3750357555564
1862 8.56599492880776 3552.44049807359
1863 8.56590973076622 3552.465677843364
1864 8.56518483145222 3554.290473087702
1865 8.56486573959446 3554.644434719945
1866 8.564737158608434 3554.701971291408
1867 8.564469695237047 3554.9511922640195
1868 8.564857007336348 3555.474362849264
1869 8.565063143801295 3555.62271567445
1870 8.56557066090261 3556.522943162062
1871 8.565300472667719 3556.7783592579517
1872 8.564136431907773 3561.524231112919
1873 8.564918523363616 3563.668892360509
1874 8.564223542677553 3565.3642168470515
1875 8.564245968115985 3565.365983912942
1876 8.564641041058685 3565.9150045641536
1877 8.565634710509533 3569.391814763603
1878 8.566056905160337 3570.0201411722596
1879 8.565016924447107 3573.836708591261
1880 8.564699465183779 3574.1927173128997
1881 8.564377055280401 3574.560307061916
1882 8.565036455313813 3576.09954707425
1883 8.566668695388632 3585.5409821715552
1884 8.567383127875953 3587.351711802132
1885 8.568381598959043 3590.892200696137
1886 8.56863364807389 3591.118052412929
1887 8.568145093151301 3591.96750741017
1888 8.568534612512757 3592.5080525779526
1889 8.567229398847456 3598.5837644769877
1890 8.568026593884891 3600.852704078102
1891 8.567726053819051 3601.17552233448
1892 8.568998359122212 3606.9670793437904
1893 8.570338747381312 3613.4018485694805
1894 8.571028853178824 3615.1093533977773
1895 8.5723307221858 3621.1924367187084
1896 8.572305131559373 3621.1947896507363
1897 8.572524774564883 3621.368306007117
1898 8.573058200773842 3622.392806659596
1899 8.572814098928616 3622.6075715563575
1900 8.571982703338112 3625.101557487721
1901 8.572352773105024 3625.5962130887256
1902 8.572741098985416 3626.141450064828
1903 8.57197509880331 3628.2652179371503
1904 8.571414443264045 3629.404150387488
1905 8.571123702904147 3629.7107506846614
1906 8.570317495190924 3632.070749440583
1907 8.570454312471265 3632.1387880604952
1908 8.569717016793943 3634.116724988503
1909 8.569260318521778 3634.8764265793466
1910 8.568096232978704 3639.8173609701385
1911 8.568863315049201 3641.9650812497966
1912 8.56828914719417 3643.1696353893444
1913 8.567082931730797 3648.4913629964212
1914 8.567370019774584 3648.7931406764683
1915 8.56602485009032 3655.4254512379534
1916 8.566120894097486 3655.4592970412423
1917 8.566516551147815 3656.034280611917
1918 8.56510183535037 3663.393116572061
1919 8.56512280156258 3663.394734516233
1920 8.565368631072554 3663.617395556798
1921 8.566651709316659 3669.689439080004
1922 8.567525226565298 3672.5066782517565
1923 8.567374381104765 3672.5907784768356
1924 8.566229861867942 3677.437304456824
1925 8.567092803079284 3680.1953296033566
1926 8.567463706093163 3680.705373718758
1927 8.567193961937665 3680.9754224149215
1928 8.566780347404757 3681.611017198139
1929 8.565228264001707 3690.570219989987
1930 8.565615485779887 3691.128444738332
1931 8.56519852477169 3691.7763782924753
1932 8.564688616784634 3692.7463811758666
1933 8.56451611552219 3692.857509184408
1934 8.565666055003462 3697.8010519306386
1935 8.564604784977114 3702.015970961461
1936 8.565495556896392 3704.9884538146057
1937 8.566283244271046 3707.3151664197567
1938 8.565932372731897 3707.777312929379
1939 8.566072139149126 3707.8507198907305
1940 8.564813021958617 3713.8143657489404
1941 8.564443802859437 3714.3276944913673
1942 8.563630168710569 3716.8230538463845
1943 8.56241549274936 3722.390331737483
1944 8.563710064749333 3728.7205907500797
1945 8.564987043871724 3734.886305946519
1946 8.565978600512437 3738.6076300550285
1947 8.565267636013417 3740.5227880960842
1948 8.565530421475572 3740.7847014096324
1949 8.565376181373496 3740.8750237952177
1950 8.565712089643029 3741.3038564431695
1951 8.566312392037455 3742.6748393244306
1952 8.565041716361366 3748.823867963355
1953 8.56445847563456 3750.1206821162928
1954 8.564575347963313 3750.172807612001
1955 8.56429458261148 3750.4739406083013
1956 8.56356432124385 3752.513199029822
1957 8.563450054460017 3752.5631794247915
1958 8.563977341761339 3753.6285437202614
1959 8.563371766495013 3755.035185074329
1960 8.562451739402082 3758.285247783015
1961 8.562479594432943 3758.2882300117667
1962 8.561332466935811 3763.351137326307
1963 8.561430730534942 3763.3883254816897
1964 8.561428200201895 3763.388350165782
1965 8.5611957203596 3763.5969311165986
1966 8.560542808462214 3765.2437856248703
1967 8.558946706714572 3775.0954366552387
1968 8.559293761904057 3775.5616949161936
1969 8.558029913173176 3781.751272394061
1970 8.558220378980534 3781.89198920567
1971 8.558179543680032 3781.898463975914
1972 8.556653537409108 3790.9496641861174
1973 8.556233340263534 3791.6366380138124
1974 8.55629191672768 3791.650001523696
1975 8.55613375959989 3791.7475210958096
1976 8.55683337463703 3793.6576923756847
1977 8.557568733373481 3795.7701700238463
1978 8.557804614398025 3795.987750021376
1979 8.557855072302416 3795.997716242081
1980 8.559518615311152 3806.841455129347
1981 8.560439202246128 3810.165594927484
1982 8.561460092397468 3814.257694134118
1983 8.56231973266348 3817.162117113135
1984 8.561122275653162 3822.8034826838384
1985 8.560985590115749 3822.877060570253
1986 8.560954561245861 3822.8808560936404
1987 8.56045779419077 3823.854685049863
1988 8.559789281303933 3825.6200472132136
1989 8.56115576825275 3833.003544837447
1990 8.560371688515692 3835.4369157961814
1991 8.56142560138113 3839.8377372453606
1992 8.561819463029266 3840.4529820880693
1993 8.561826075815349 3840.453155694409
1994 8.562605164142873 3842.865314231679
1995 8.56255119736 3842.876899900566
1996 8.561493644863997 3847.3304598850395
1997 8.561033386942944 3848.1748461197035
1998 8.559809486644214 3854.1516035528102
1999 8.560120718359656 3854.5384832782406
