0.10206995324979
0.80622702167282
0.56647282566667
1.41875783824563
2.23640592981540
0.38907616681773
1.52753041921446
0.06211697992077
0.22865911452860
7.33514142148852
5.14645103823040
0.26433831080038
0.33544124758753
3.23080948275989
3.95016655773793
1.63567723316332
2.56735845972678
0.23265730699234
0.57435868256128
0.17264364788975
6.31715593406675
0.71764932248721
2.96511598146921
1.11351434438763
0.20840777731878
1.53292340005949
1.42122196231534
1.18088209488659
0.39817331970971
2.58544354264798
1.40997343135154
1.66195290698960
1.07254324345974
3.28821748751354
0.41594121843758
1.87334097048120
2.59213783341398
4.81426966028320
8.81486148642569
1.49129567572058
2.04896288836174
1.15185149009878
4.07474976456268
0.01551195929925
1.42381179949717
2.66101945468727
2.30843271158166
2.35240226604590
0.06752776597603
3.45023231042129
0.25231226975635
0.81492975974202
0.91393650741425
0.55229566775232
0.75681848521908
4.31076118385658
1.29363899664501
0.05749096353781
0.14403479751723
1.20034105211357
0.69907877197028
0.30968752591914
0.93974805448971
0.14060329727978
0.18908225861069
3.50610876514057
0.14233135391091
1.92834572688036
0.59377593366950
0.87142487590629
2.46785474876295
0.52170499294521
0.32932618209182
0.35253851118330
0.61031057265716
1.49679842648871
0.24175253875894
0.33132448173182
2.45620482575719
1.65555874807525
0.80448742597755
1.33872457751952
0.75638937387795
1.39207515947585
0.58936936500723
2.84003124512227
0.04816343833653
0.56184868409111
0.89856571229356
5.27319784592461
1.86562538349949
0.82519159113702
1.42274686269977
1.23617010845746
0.32594434885252
1.98524234004217
0.15710542304742
0.00205842086437
0.32709524553585
1.11799925728020
1.94536520094273
3.55607262140816
2.55105949530904
3.61282637200762
0.40946548229184
0.88213946292507
7.05143048015860
0.71794830383998
2.60418595976225
1.20177628877554
0.17646027539484
0.56657194964749
2.40028985968794
0.21973220124832
1.37612615111729
0.62911598054266
8.12675619475177
2.69875573150819
0.40343480107345
0.86328215412068
2.68466901067154
3.27167556626750
0.93589518065586
2.00720723855718
3.35203931430710
2.38798247532403
2.94630279290336
0.21453599298497
3.75651385672787
2.79072832898167
0.28718830579226
0.07471756294597
1.22432742955058
0.69750932923060
0.97776622268764
2.12464439184996
1.00865584975016
0.87850433707827
4.28947491455324
1.41934898267579
0.26367562667694
0.57062655391338
0.17763692432408
4.99760139491550
0.38201863929936
14.86264219771705
1.36824237906735
1.84635460592917
0.98344435749184
2.36328598802610
2.22436030622261
1.36073347352118
0.78654229867231
2.36810251443464
2.34635600670647
0.79683934876053
0.46908796599562
0.22294001651551
1.65541219273646
2.85504963786117
0.86257726102122
0.11257223546073
0.07810622985234
0.31882388000549
3.56728880837839
0.78871245215820
0.16255334218926
1.37191878720301
0.27823248682807
0.64860106861532
1.26310509437656
7.93264425360803
0.42489167662450
0.62955074452416
0.32051087597286
2.24482389527574
0.08158377350449
0.53499645734827
4.23287320976074
0.46701491241539
0.55149095228518
0.95709275747542
1.74550800670933
0.28403775773774
0.41194445528616
0.17825451139254
1.43334798313914
0.39401879299983
0.25008249680223
1.95203375461837
0.87584298811156
0.37184225770187
0.50041261106215
2.65769332887224
1.39840746389339
1.87406711091413
1.11072661469271
0.73607072777546
0.01947370688261
1.47729434908785
0.41856423104422
1.47550897547574
2.21765438616378
1.05428627350777
1.96173355960554
0.19633788608241
0.41992383015198
1.85885447348863
0.93134444059533
0.23988161608437
3.80074022922926
0.94181717765867
1.58487524039561
8.71481034011459
0.51957221882660
1.75995351095608
1.66539683647509
0.10475451309002
0.07926023042359
0.84366462944544
0.89095527800910
0.14308874944263
3.24419533396056
1.75299155578663
0.34218325596953
5.90984044065261
0.18386082353263
1.08955680945585
0.34216685346278
1.23273155735374
1.38870733835457
0.84868290257919
0.56610806469682
1.24665908361326
1.98010204017384
6.76570716294693
0.63138951194947
0.09198670460896
0.44080463113054
0.11297169598474
5.51137382185048
0.86921649689969
0.03824954540215
0.61123976907232
1.13855538774317
1.10809130485416
3.60731565434921
0.44910689458004
1.64346169347326
2.33118576953560
2.02989078413453
4.44691905996706
0.26238295766956
0.78691031597642
2.43830394573475
5.23817261106037
2.43795554263313
2.15794386039743
1.27431050734701
2.19162384340302
2.86621119399169
2.27845508125396
1.70592310581353
11.63965531664016
0.79089887667918
1.62249130880955
1.32947815932792
0.20817733675111
0.30839306435500
1.24827427050336
0.67065443512365
2.10523102087454
4.72789085473407
0.94571668226483
1.16992508405396
0.29448737422196
1.15759738186706
1.24469222793911
0.23619089897932
1.29818424397484
1.75533746290799
1.56412584820590
0.43882788746909
1.47483256998105
1.49403612434047
0.63921908660524
0.03861377719222
2.13698955719335
0.93715213368689
0.77342472265833
2.60467004117838
0.52571218581526
0.24001071229118
0.92683738780539
0.12021669727171
1.74566726265870
2.22514354430174
0.56929602039258
2.65545734793988
0.67608898501663
0.73798862173155
2.22108429341769
1.53790587933163
0.37575819351213
1.05386789263429
0.09573090385290
0.86198868780343
0.79844917066219
1.84449084039787
4.64924327042110
0.60662388117835
1.20466907373719
2.84606722956264
0.37089308172919
0.86286050256431
0.33575139509107
2.99133483334419
0.72426193177230
0.90688493102121
1.49342361823116
0.10143337161234
0.47970608791994
0.31799523643385
0.62571502073610
4.86432321465706
4.84378075494106
5.12884201228491
1.90175138015771
1.32304965010180
1.70642953074636
0.38233208751074
2.55730078900582
1.03904162234822
1.26525816140011
2.60306231330977
0.29293555508080
0.98022607835503
5.39119048827635
0.50875270727860
1.20888582242908
1.19154419287308
2.63879226266928
1.14222188429896
1.74761466124800
0.60540903570803
0.89980026359968
2.31063641016821
11.31083056737168
0.67672517782324
0.84471517098917
1.83087343981439
0.41262197824914
1.68819751839541
6.44657165971085
1.14344792634451
0.16634868784039
0.08276488059693
0.49814620213151
1.18107873092023
0.17939083765401
0.11458460182345
0.13747349786334
0.56891374572647
0.79637465702184
0.96917326538137
0.43167325866287
0.70204100409897
4.28432938477717
0.17354023199684
1.77295124641933
1.04731871164609
0.88128367105149
1.76288994437343
3.10477447991193
5.27407653993517
1.20524335100917
0.20291734559814
1.34473531545080
0.96217402154796
4.00673631915721
7.46965322895953
0.16708051329073
0.20379693495463
0.55458917944242
0.84327356238557
0.48428838652621
0.20470156250861
1.88094659143297
2.80120490500487
0.89666927522736
0.82698246294571
2.73995162268895
1.27278647195999
2.30832048459032
0.02497174185954
4.65527185836069
0.09156914385772
1.43085659138146
0.69459802278127
1.27839602865035
3.63967848418010
0.47407850645755
0.79940585810322
2.28152001628470
0.43434219034518
1.94220848434720
0.16884503283686
3.38338733900606
1.54488478619602
1.34950506142356
10.82736482325083
1.42420043981115
1.66486216338500
0.76001786471750
0.06331909971096
0.41611542028406
4.87722538104677
0.16629781906853
1.33192912603739
1.42186594172183
1.29446200769935
0.36281253945784
2.54759595247047
1.16211414746332
1.55979271735480
0.04749457157959
0.93358538166524
3.15495032605361
0.72067001429083
0.07034966040130
1.49583457741153
1.85767440191900
0.92513256190601
0.99529982247923
0.09861003517991
0.48799160831527
0.55839414006113
3.86092055017394
0.16816445484263
0.58049642076812
1.08707314225473
1.08487908527866
0.50057151075283
1.01813360822525
1.54893975382342
0.19235262626742
1.30381220805504
2.20090975120908
4.87468494858685
4.14830433523143
1.85861019209879
0.30818548869807
0.20198277045451
0.56509790234849
0.46880391626476
0.90044266510770
0.20945206683511
3.13789821844810
0.03491595309061
1.54135135590387
4.42687627019214
1.65542371875810
5.47193967570983
2.57151676496404
0.48260323033294
2.74193011542487
2.51526189032521
0.12409967665817
3.07900390107032
0.77278273850706
0.99471765588732
0.79896456692773
0.88587002918690
1.31293872708474
1.15850130121591
0.00747381843077
3.68485333968025
2.37850534175061
1.35005156989517
0.24495628304148
2.91540228163397
0.34317231202578
0.55340471608739
0.13132542096038
0.82368068494564
1.19674124126446
0.47136564971159
1.86123018682910
1.32257683496004
0.71732494262540
0.74469139773276
0.66633751034265
2.33413632407314
2.35573987230411
0.77438613438991
0.51910331842530
0.02576634349800
0.15319008919953
0.72717942256950
0.59660359676769
1.50383625737156
0.89513969544674
0.61387951076510
13.47913907618362
4.80817331177660
0.09261647825869
0.56022564957949
1.09561639339118
0.59691144991457
0.51001668054847
1.09104849606615
0.79100625261301
1.80769125327424
0.79622527161537
1.56942827716895
0.52175131300849
0.43118274167823
1.14580577220240
0.98330483920687
0.93060863474609
0.81255000314449
4.20206121296096
1.65529454729977
1.35655862171085
0.15729548019687
1.06698240619627
0.31006501882587
0.63740539074136
3.28628273815985
0.50217201163368
0.67906484712316
0.63787875356988
2.80812195514079
2.17160299493117
0.73124213076413
1.98124446886675
2.45670527885765
2.41253730278532
0.69455109753327
1.46390998379283
1.59487372880076
0.98514558004375
0.32856920982840
1.55970015662826
5.73640506234880
0.05068776348413
3.67659874320101
4.81365086134026
0.32165207712776
0.82759274761702
0.24856453411994
0.66791763691544
0.72370934526638
0.97893345291074
0.58488510859475
0.50162607258181
2.35182125213141
0.23781821335001
0.52107293967048
2.65169551947710
1.92590060739285
1.20783081915812
0.71188959016627
2.19165238433451
0.10098557824954
2.44177074190476
3.46375540314782
1.31153186935713
1.62654273065092
1.96575195820831
0.06697369385476
2.85668404631207
0.47902717103336
0.57723590417888
0.30470015452165
1.75867247373905
3.65419691359371
0.64610217496828
0.62268764451369
1.81369082428022
0.24474092819107
5.27444726189499
3.55816008481342
0.13858440695116
3.83789530480553
0.30374488041980
1.34564401726288
0.76830497809540
0.48062746408892
1.90581489834223
0.62169585040932
1.45689982617795
0.88115984112149
0.97150097880367
0.97199008368118
1.86514970590355
0.01389641378580
0.21021973819711
0.65934092648263
0.08529094411919
0.23397004956948
0.97428173245240
0.44899015233591
3.19006295920514
1.77301792554740
0.26254438812784
2.19960664205389
0.51116434168605
2.36932086990895
3.10077868357270
1.91110567827937
0.06715035388289
0.50859995748176
0.07925458451001
0.44729859496240
1.05201567533725
1.10270151603353
3.47404729206614
0.69985480131174
2.87081342457427
1.62221610886002
1.31938585338688
2.52922395383241
1.77624750906745
9.06071046880912
0.14841708862285
0.97232607136685
0.68552803775885
0.58535092594351
0.85040871879603
2.71990293902561
0.04620352360308
0.32372597244183
0.42216531767596
0.31435437186228
0.87761424298883
7.06898610388208
0.99229857681916
0.47476255609902
0.91744735207935
1.65493162404560
1.91371194300098
0.98509586858604
0.68637663133802
1.40846211572167
1.62537419074896
0.01607293858239
0.97103614016007
1.56732691798735
1.11725271706444
0.58399410040748
2.98800388661842
2.24311209333192
1.86642603999569
2.83976021569734
1.90014578311260
0.05573319979179
1.45390392217903
3.55579937022760
8.26146199372297
0.39036422179245
1.39415196268523
1.94891673459646
0.18134336271333
2.32872691744684
0.00353231890098
1.16036413056417
1.70613294940411
0.27049950290811
0.15106405858998
1.25052505394236
2.86397176193087
0.17495190435838
0.22570456714572
0.48423555941933
3.40381684345462
0.12934424238345
5.40465298273038
0.22903096576350
0.46326714413967
2.92864375754353
4.52069129008385
1.58340011579646
0.99879848430668
6.08780754458895
0.25211234320691
5.95461378476063
1.94143377583397
0.48220992207646
1.63230943240840
0.66113877877194
0.55821571510859
5.09042086128107
1.89994191823489
0.31234200236205
3.34054998003620
0.11486514742742
0.89938354727624
0.82754550902343
0.48682463535308
0.28927634417187
1.02795478148037
0.86133187559147
1.07735335979037
1.00488692858067
0.90553705597393
3.86315044531795
1.27472945540732
1.13982621580824
1.61086461564732
0.42060879169807
0.68548900373122
1.12534543832616
1.55160002567451
1.28807093411877
0.44539658451594
0.07624378511035
0.45657144899170
0.50216984146131
0.56559849644105
0.57686407696859
0.06022577077674
1.87256089457271
1.45260584666136
0.08124632380979
0.02166007379430
0.04126801559775
3.99367649923368
2.37698834809129
1.33730961660783
1.99012978678689
3.45545699746149
5.85344272305084
0.23095918323687
1.02843088572591
0.25553162939111
3.26600616025320
2.60861833258962
1.56187425311016
1.77749209229936
0.42825552942991
2.40951269390509
2.98332713701659
0.35771486872654
2.38550719228334
1.51040455935401
2.75602432562173
0.71221134686266
0.35199299363725
0.90643947486767
2.40006547114371
1.70235772619195
0.26347960192848
0.03760506275780
0.17924605536333
4.20359515465307
1.63789074426084
2.02300883681165
1.34113603780805
0.26036812678381
4.17508566986491
0.96726496165235
0.07021899190081
1.44579568617213
1.58636078710530
1.40506358405597
2.82100558427092
0.45008316333686
4.38457273248792
1.01423026152875
2.79069140652714
6.81546212660894
1.60371383092618
0.85035570538263
3.05015266825824
0.06634695958823
1.22822939924213
2.51804758095371
2.60824560792334
1.16316480809901
0.37632222334561
1.49460517188777
0.17356043531263
0.47710219318085
0.48972993898065
1.77048713240506
0.26905582002351
0.50216217315356
0.22199285579899
0.73990299075641
0.80329336364758
0.16882531739632
0.59685368442233
0.06055465931091
3.17089366405271
1.66867648063223
2.43145674253293
1.05381333778876
0.32024524115411
3.08096156006295
0.99788260633549
2.69133303944172
1.45391109381430
7.70446062861828
0.32972442385804
1.03233894049183
0.84620081678102
3.69290751799039
4.66957177687005
1.44788218135981
0.42160416887655
1.22519141710138
1.61977758607869
4.60473904918116
2.52765725200072
0.64666514236336
0.18144315098954
1.50670227540333
0.45183842618161
2.17191563177605
2.08497396912725
1.69664223024701
3.86592185462006
0.65807201239280
1.98457736193828
0.77017872975619
0.71931824230154
0.20555461202303
1.60780231382524
1.16348830946257
0.02327237350454
0.22746400920238
4.74651581595350
4.31634256522216
1.82515039824514
2.38020943068177
2.56066600049033
0.27105162664307
3.96701567618979
0.75059832885818
2.70012085502466
1.04038215029927
0.22531057147641
0.68506701702302
3.94660438013706
0.81701942385567
1.00542208889298
0.46152847629649
2.07563804117546
1.41771551064119
2.04292666789291
3.14245575788087
0.15978488245036
1.31767755016168
6.91083231915505
0.49108431290037
0.19679496654680
0.23803281474257
0.30966483408002
3.07792346763053
4.14557310691545
0.28516672132781
0.51839666864981
3.88918289644013
2.35464302929167
0.09407026617954
0.47815783713665
6.38163518773143
1.01062188285933
1.89989745817125
2.30437783146554
2.08030732846917
0.36003257410287
1.07338722192635
0.28050299710653
0.00210114814378
1.26251538513279
2.55242900421654
4.55087530205956
3.09603179025143
0.66815614118804
0.53384766485538
0.08023533632788
0.30687903763476
3.14257719338848
1.30835255108897
4.19179160732660
1.13369559439794
0.32365879713503
1.04921288780828
2.07402685969174
1.40957488223436
1.61376256946682
0.12060991316770
0.68248501956984
0.44414168003767
0.04274597404555
0.29482817103829
1.19410041276963
5.13061713029297
1.32856012828481
4.46900194056498
1.18845162931776
2.49960208436398
0.68561105573745
0.02207840933942
0.52349360911744
2.59855503248034
1.23883636280910
2.38888668701431
2.27130033375914
0.24340262796458
0.69344467048723
0.34559516262311
0.49889898465807
3.78999213726853
3.79649782728144
1.44023156647554
0.39318659986318
1.21091944371313
2.14198326109339
0.09819481272234
2.16599740800576
3.39597277580674
3.69518197876131
0.31977714185782
1.81631396566642
0.58438218308650
0.58680235318414
0.05181599280593
0.00207805948191
2.63203046851516
5.98483778798810
3.51080922743172
1.69242876638689
0.17427777759733
2.65597794851968
0.36330770214845
0.59207645611168
1.40214320139846
5.82889312949020
0.08728144217523
1.44830069545758
0.70286369904561
1.09315248180391
0.16119953227649
1.00886328131080
2.85086416899851
0.60389267423802
2.77171842362493
0.72142039518107
5.70073110995812
1.64795227182546
0.04514437911806
0.21292077728240
2.77079601809410
1.81988685508069
1.15826600895533
1.06086522428277
0.61105172065320
1.05617641435914
2.65554082174253
2.57418322175559
1.87712405427476
1.78951174492299
0.05994887313533
0.24761650659684
1.04531247377220
0.54549041335081
1.06939588194648
0.51438565275178
0.87639708064681
0.26598877068574
1.84283268492644
0.63265219020576
1.91947625002060
0.28753559584608
0.48479042901075
2.60441315070718
2.74275243287251
0.10169122371606
0.04310370183912
0.68260832257226
2.22868673570113
0.24767369432036
0.09620214947829
1.62824097431128
0.33132054242648
1.82550255769074
0.24664908811863
0.15575074504832
1.93194345824743
0.53579070376876
2.63628058837870
1.39040420151639
0.08565364601418
0.27934757924554
0.24220230384488
1.08741776620815
3.27068650064389
